idx	label	predict	radius	correct	time
0	0	0	0.239	1	0:05:45.121487
1	0	0	0.157	1	0:05:32.040089
2	0	0	0.173	1	0:05:57.433545
3	0	0	0.155	1	0:05:32.703342
4	0	0	0.158	1	0:05:43.147743
5	0	0	0.218	1	0:05:44.978355
6	1	1	0.218	1	0:05:32.109585
7	1	3	0.0423	0	0:05:30.895724
8	1	-1	0.0	0	0:05:57.186327
9	1	1	0.193	1	0:05:31.916704
10	1	1	0.188	1	0:05:41.466445
11	1	3	0.0322	0	0:05:43.996718
12	2	2	0.239	1	0:05:31.513087
13	2	2	0.248	1	0:05:30.941565
14	2	2	0.0598	1	0:05:54.539854
15	2	2	0.172	1	0:05:32.075338
16	2	2	0.248	1	0:05:41.290041
17	2	2	0.181	1	0:05:43.868052
18	3	3	0.248	1	0:05:29.822616
19	3	3	0.239	1	0:05:31.244352
20	3	3	0.0395	1	0:05:54.751223
21	3	2	0.0365	0	0:05:32.290328
22	3	3	0.00395	1	0:05:39.860382
23	3	3	0.26	1	0:05:43.427288
24	4	-1	0.0	0	0:05:34.137422
25	4	2	0.184	0	0:05:30.833593
26	4	4	0.146	1	0:05:55.347282
27	4	4	0.101	1	0:05:31.385499
28	4	4	0.186	1	0:05:42.039109
29	4	4	0.0982	1	0:05:45.157127
30	5	5	0.26	1	0:05:29.385000
31	5	5	0.26	1	0:05:28.969548
32	5	5	0.248	1	0:05:54.314031
33	5	5	0.222	1	0:05:30.718046
34	5	5	0.248	1	0:05:40.192648
35	5	5	0.26	1	0:05:42.634258
36	6	6	0.227	1	0:05:27.940062
37	6	6	0.195	1	0:05:27.918964
38	6	6	0.227	1	0:05:52.183803
39	6	6	0.227	1	0:05:27.361758
40	6	6	0.239	1	0:05:38.309618
41	6	6	0.248	1	0:05:40.398957
42	7	7	0.239	1	0:05:27.517507
43	7	7	0.158	1	0:05:29.069092
44	7	7	0.159	1	0:05:52.815284
45	7	7	0.165	1	0:05:30.116775
46	7	7	0.248	1	0:05:39.229092
47	7	7	0.26	1	0:05:43.115286
48	8	15	0.147	0	0:05:31.582024
49	8	8	0.119	1	0:05:31.858861
50	8	8	0.109	1	0:05:56.241902
51	8	8	0.0795	1	0:05:32.018176
52	8	8	0.159	1	0:05:43.239698
53	8	8	0.198	1	0:05:44.864408
54	9	9	0.089	1	0:05:31.381146
55	9	9	0.0604	1	0:05:30.931654
56	9	4	0.033	0	0:05:56.140369
57	9	9	0.126	1	0:05:31.775241
58	9	9	0.1	1	0:05:42.541717
59	9	9	0.156	1	0:05:44.555897
60	10	10	0.147	1	0:05:28.279973
61	10	10	0.233	1	0:05:30.260183
62	10	10	0.155	1	0:05:51.762032
63	10	10	0.167	1	0:05:33.088892
64	10	10	0.248	1	0:05:37.709505
65	10	10	0.239	1	0:05:38.757555
66	11	11	0.26	1	0:05:22.778857
67	11	11	0.26	1	0:05:27.988047
68	11	11	0.218	1	0:05:45.919197
69	11	11	0.233	1	0:05:31.141623
70	11	11	0.26	1	0:05:32.252307
71	11	11	0.26	1	0:05:37.187590
72	12	12	0.222	1	0:05:29.841652
73	12	12	0.14	1	0:05:32.002753
74	12	12	0.227	1	0:05:53.362100
75	12	11	0.077	0	0:05:31.901388
76	12	12	0.101	1	0:05:39.729021
77	12	12	0.218	1	0:05:42.446849
78	13	13	0.167	1	0:05:32.269771
79	13	13	0.136	1	0:05:30.583326
80	13	13	0.151	1	0:05:55.812850
81	13	13	0.152	1	0:05:31.615365
82	13	13	0.188	1	0:05:42.056455
83	13	15	0.134	0	0:05:43.535229
84	14	14	0.0322	1	0:05:29.505161
85	14	2	0.215	0	0:05:28.970003
86	14	14	0.161	1	0:05:53.698205
87	14	-1	0.0	0	0:05:32.431751
88	14	14	0.161	1	0:05:40.606216
89	14	14	0.172	1	0:05:43.127996
90	15	15	0.159	1	0:05:31.742362
91	15	15	0.173	1	0:05:30.755005
92	15	8	0.0626	0	0:05:56.071584
93	15	15	0.143	1	0:05:32.222838
94	15	15	0.105	1	0:05:41.137694
95	15	15	0.113	1	0:05:44.302002
96	16	16	0.26	1	0:05:29.537324
97	16	16	0.26	1	0:05:28.957108
98	16	16	0.26	1	0:05:54.586454
99	16	16	0.26	1	0:05:30.614516
100	16	16	0.26	1	0:05:40.466929
101	16	16	0.26	1	0:05:42.885856
102	17	17	0.248	1	0:05:30.704554
103	17	17	0.26	1	0:05:30.049241
104	17	17	0.26	1	0:05:55.233916
105	17	17	0.26	1	0:05:31.153286
106	17	17	0.239	1	0:05:42.009352
107	17	17	0.239	1	0:05:44.041648
108	18	18	0.233	1	0:05:29.785820
109	18	18	0.203	1	0:05:30.102687
110	18	18	0.119	1	0:05:55.288294
111	18	18	0.222	1	0:05:31.289674
112	18	18	0.147	1	0:05:41.227587
113	18	18	0.113	1	0:05:43.342798
114	19	2	0.0739	0	0:05:31.233929
115	19	2	0.062	0	0:05:29.997420
116	19	2	0.0239	0	0:05:57.359878
117	19	19	0.222	1	0:05:32.519146
118	19	19	0.222	1	0:05:41.844838
119	19	19	0.0305	1	0:05:44.245268
