idx	label	predict	radius	correct	time
0	0	0	0.0611	1	0:05:10.928653
1	0	0	0.0541	1	0:04:33.943552
2	0	-1	0.0	0	0:04:57.494266
3	0	0	0.0583	1	0:04:42.446362
4	0	0	0.0688	1	0:05:02.255283
5	0	0	0.0753	1	0:04:59.409014
6	1	1	0.0674	1	0:05:03.741875
7	1	1	0.0625	1	0:04:33.708578
8	1	1	0.0591	1	0:04:56.888437
9	1	1	0.0807	1	0:04:43.139656
10	1	1	0.0829	1	0:05:01.595713
11	1	1	0.0685	1	0:04:59.728070
12	2	2	0.0525	1	0:05:03.825177
13	2	2	0.0786	1	0:04:34.822626
14	2	2	0.0989	1	0:04:56.482864
15	2	2	0.0847	1	0:04:42.044824
16	2	2	0.111	1	0:05:00.968401
17	2	2	0.0957	1	0:04:58.218906
18	3	3	0.0929	1	0:05:02.512446
19	3	11	0.109	0	0:04:34.537312
20	3	3	0.0572	1	0:04:55.849236
21	3	2	0.0681	0	0:04:42.169677
22	3	3	0.0812	1	0:05:00.239516
23	3	3	0.0938	1	0:04:57.334291
24	4	4	0.0711	1	0:05:03.697098
25	4	-1	0.0	0	0:04:33.357998
26	4	9	0.00615	0	0:04:57.565100
27	4	2	0.0129	0	0:04:42.659411
28	4	4	0.0392	1	0:05:01.883326
29	4	4	0.0608	1	0:04:59.292504
30	5	5	0.0977	1	0:05:02.973368
31	5	5	0.109	1	0:04:33.617603
32	5	5	0.0888	1	0:04:57.582795
33	5	5	0.13	1	0:04:42.461322
34	5	5	0.0989	1	0:05:01.104024
35	5	5	0.114	1	0:04:59.067935
36	6	6	0.13	1	0:05:00.673799
37	6	6	0.114	1	0:04:30.477677
38	6	6	0.13	1	0:04:54.559144
39	6	6	0.124	1	0:04:39.088144
40	6	6	0.13	1	0:04:58.780891
41	6	6	0.13	1	0:04:57.353205
42	7	7	0.13	1	0:05:00.778030
43	7	7	0.111	1	0:04:33.392968
44	7	7	0.13	1	0:04:54.630600
45	7	7	0.1	1	0:04:41.737419
46	7	7	0.13	1	0:04:59.693309
47	7	7	0.13	1	0:04:56.978275
48	8	8	0.0529	1	0:05:04.160012
49	8	8	0.0748	1	0:04:33.818641
50	8	8	0.00147	1	0:04:56.940567
51	8	8	0.0638	1	0:04:42.299568
52	8	8	0.0217	1	0:05:01.667311
53	8	8	0.0812	1	0:04:59.826077
54	9	9	0.042	1	0:05:03.943391
55	9	9	0.0904	1	0:04:33.961491
56	9	9	0.0823	1	0:04:57.640733
57	9	9	0.0912	1	0:04:42.702695
58	9	9	0.0938	1	0:05:02.023630
59	9	9	0.0602	1	0:04:59.877982
60	10	10	0.13	1	0:04:58.865613
61	10	10	0.106	1	0:04:31.951601
62	10	10	0.13	1	0:04:52.627604
63	10	10	0.0534	1	0:04:43.029964
64	10	10	0.13	1	0:04:57.312339
65	10	10	0.13	1	0:04:55.665428
66	11	11	0.13	1	0:04:58.225507
67	11	11	0.13	1	0:04:33.868634
68	11	11	0.13	1	0:04:50.969921
69	11	11	0.0989	1	0:04:42.550747
70	11	11	0.106	1	0:04:55.756796
71	11	11	0.13	1	0:04:53.085337
72	12	12	0.104	1	0:05:01.994833
73	12	12	0.0674	1	0:04:35.092188
74	12	12	0.0867	1	0:04:56.614494
75	12	12	0.0443	1	0:04:43.600544
76	12	12	0.0957	1	0:05:00.854340
77	12	12	0.116	1	0:04:57.909243
78	13	13	0.0874	1	0:05:04.927680
79	13	13	0.0735	1	0:04:33.936739
80	13	13	0.0564	1	0:04:58.602413
81	13	13	0.0766	1	0:04:42.516396
82	13	13	0.0835	1	0:05:01.658007
83	13	13	0.0781	1	0:04:59.197180
84	14	14	0.0801	1	0:05:02.714916
85	14	14	0.0316	1	0:04:34.924640
86	14	14	0.0791	1	0:04:57.077147
87	14	14	0.0847	1	0:04:42.519041
88	14	14	0.0807	1	0:05:01.043528
89	14	14	0.0791	1	0:04:58.309260
90	15	15	0.0638	1	0:05:05.611846
91	15	15	0.0727	1	0:04:34.063836
92	15	15	0.0605	1	0:04:58.051031
93	15	15	0.0664	1	0:04:43.106423
94	15	15	0.0748	1	0:05:02.737051
95	15	15	0.0632	1	0:04:59.525881
96	16	16	0.13	1	0:05:01.999020
97	16	16	0.13	1	0:04:33.040474
98	16	16	0.13	1	0:04:56.755988
99	16	16	0.13	1	0:04:41.942585
100	16	16	0.13	1	0:05:00.694437
101	16	16	0.13	1	0:04:59.344181
102	17	17	0.0904	1	0:05:04.502333
103	17	17	0.0874	1	0:04:34.388012
104	17	17	0.104	1	0:04:57.968025
105	17	17	0.0977	1	0:04:42.927849
106	17	17	0.0967	1	0:05:02.199866
107	17	17	0.0989	1	0:05:00.226039
108	18	18	0.0727	1	0:05:02.797404
109	18	18	0.111	1	0:04:33.540010
110	18	18	0.0692	1	0:04:56.312060
111	18	18	0.111	1	0:04:42.632678
112	18	18	0.0757	1	0:05:01.272661
113	18	18	0.0707	1	0:04:58.936654
114	19	19	0.0611	1	0:05:07.618686
115	19	19	0.0688	1	0:04:35.305372
116	19	-1	0.0	0	0:04:57.752152
117	19	19	0.0744	1	0:04:43.258841
118	19	19	0.0651	1	0:05:03.005004
119	19	19	0.0771	1	0:05:01.715860
