idx	label	predict	radius	correct	time
0	0	0	0.0762	1	0:06:02.367765
1	0	0	0.0723	1	0:05:12.289216
2	0	0	0.0888	1	0:05:39.057579
3	0	0	0.0771	1	0:05:22.901670
4	0	0	0.0812	1	0:05:44.524601
5	0	0	0.0818	1	0:05:40.590833
6	1	1	0.0657	1	0:05:46.184220
7	1	1	0.0727	1	0:05:12.812642
8	1	1	0.0518	1	0:05:37.598219
9	1	1	0.0635	1	0:05:22.952735
10	1	1	0.0707	1	0:05:42.593630
11	1	8	0.0619	0	0:05:41.191078
12	2	-1	0.0	0	0:05:45.565631
13	2	2	0.00628	1	0:05:14.247708
14	2	1	0.0431	0	0:05:38.167371
15	2	-1	0.0	0	0:05:22.591178
16	2	2	0.0497	1	0:05:42.655872
17	2	4	0.0509	0	0:05:39.810881
18	3	3	0.0711	1	0:05:45.245132
19	3	-1	0.0	0	0:05:13.527272
20	3	-1	0.0	0	0:05:37.018655
21	3	2	0.0429	0	0:05:21.904644
22	3	3	0.0812	1	0:05:42.129158
23	3	3	0.0719	1	0:05:39.136233
24	4	4	0.0735	1	0:05:45.672140
25	4	-1	0.0	0	0:05:12.832705
26	4	-1	0.0	0	0:05:38.993084
27	4	9	0.0349	0	0:05:22.256981
28	4	4	0.0567	1	0:05:43.144018
29	4	15	0.0443	0	0:05:40.710363
30	5	5	0.0867	1	0:05:44.684343
31	5	5	0.0881	1	0:05:12.903341
32	5	5	0.0881	1	0:05:39.060578
33	5	5	0.109	1	0:05:22.807642
34	5	5	0.092	1	0:05:42.430264
35	5	5	0.0896	1	0:05:39.508592
36	6	6	0.12	1	0:05:42.326153
37	6	6	0.0989	1	0:05:08.456691
38	6	6	0.109	1	0:05:34.778795
39	6	6	0.0781	1	0:05:18.120746
40	6	6	0.13	1	0:05:40.144062
41	6	6	0.111	1	0:05:39.812517
42	7	7	0.13	1	0:05:42.629535
43	7	7	0.109	1	0:05:12.566164
44	7	7	0.13	1	0:05:35.374264
45	7	7	0.1	1	0:05:21.649076
46	7	7	0.124	1	0:05:41.359761
47	7	7	0.13	1	0:05:38.018223
48	8	8	0.0534	1	0:05:46.675746
49	8	8	0.05	1	0:05:12.791981
50	8	8	0.0465	1	0:05:38.373170
51	8	15	0.0323	0	0:05:22.912227
52	8	8	0.01	1	0:05:43.158007
53	8	15	0.0534	0	0:05:42.014031
54	9	9	0.0194	1	0:05:46.614450
55	9	9	0.0511	1	0:05:12.560883
56	9	-1	0.0	0	0:05:38.558807
57	9	9	0.0762	1	0:05:22.879287
58	9	9	0.0711	1	0:05:42.847765
59	9	4	0.00756	0	0:05:41.479252
60	10	10	0.124	1	0:05:41.770963
61	10	10	0.13	1	0:05:12.587214
62	10	10	0.111	1	0:05:35.143517
63	10	10	0.0493	1	0:05:24.160412
64	10	10	0.13	1	0:05:38.387647
65	10	10	0.13	1	0:05:37.051852
66	11	11	0.124	1	0:05:40.227123
67	11	11	0.00248	1	0:05:12.312670
68	11	11	0.114	1	0:05:31.451280
69	11	-1	0.0	0	0:05:22.218569
70	11	11	0.12	1	0:05:37.595851
71	11	11	0.13	1	0:05:34.540102
72	12	12	0.0938	1	0:05:43.287949
73	12	12	0.0688	1	0:05:13.704439
74	12	12	0.0731	1	0:05:37.221490
75	12	12	0.0781	1	0:05:23.360981
76	12	12	0.0896	1	0:05:42.466979
77	12	12	0.124	1	0:05:39.428539
78	13	13	0.0823	1	0:05:48.123299
79	13	13	0.0753	1	0:05:11.889297
80	13	13	0.0484	1	0:05:39.966465
81	13	13	0.0551	1	0:05:22.126527
82	13	13	0.0628	1	0:05:43.476908
83	13	13	0.0336	1	0:05:40.509741
84	14	14	0.0854	1	0:05:43.405619
85	14	2	0.0198	0	0:05:14.661677
86	14	14	0.0957	1	0:05:40.424902
87	14	14	0.0657	1	0:05:22.663602
88	14	14	0.0823	1	0:05:41.722216
89	14	14	0.0835	1	0:05:39.235132
90	15	15	0.0403	1	0:05:48.852235
91	15	15	0.0491	1	0:05:12.162729
92	15	8	0.0192	0	0:05:39.215454
93	15	15	0.0591	1	0:05:23.163817
94	15	15	0.0539	1	0:05:44.011863
95	15	15	0.0654	1	0:05:40.656907
96	16	16	0.13	1	0:05:43.520617
97	16	16	0.13	1	0:05:11.393872
98	16	16	0.13	1	0:05:37.674073
99	16	16	0.13	1	0:05:21.125322
100	16	16	0.13	1	0:05:41.876711
101	16	16	0.13	1	0:05:40.343284
102	17	17	0.0776	1	0:05:46.441499
103	17	17	0.0622	1	0:05:12.971103
104	17	17	0.0854	1	0:05:38.172351
105	17	17	0.0613	1	0:05:21.652722
106	17	17	0.0748	1	0:05:42.549031
107	17	-1	0.0	0	0:05:41.393427
108	18	18	0.0967	1	0:05:44.845518
109	18	18	0.0888	1	0:05:11.378509
110	18	19	0.0478	0	0:05:37.498039
111	18	18	0.12	1	0:05:22.194651
112	18	18	0.0967	1	0:05:42.339866
113	18	19	0.0812	0	0:05:39.875953
114	19	19	0.0403	1	0:05:49.052123
115	19	19	0.0216	1	0:05:14.293299
116	19	8	0.012	0	0:05:38.955529
117	19	-1	0.0	0	0:05:22.196023
118	19	19	0.0549	1	0:05:43.685453
119	19	8	0.0305	0	0:05:43.393633
