idx	label	predict	radius	correct	time
0	0	0	0.0627	1	0:05:37.805735
1	0	-1	0.0	0	0:05:18.737168
2	0	-1	0.0	0	0:05:54.260063
3	0	0	0.0516	1	0:04:59.414147
4	0	0	0.081	1	0:05:33.663706
5	0	8	0.0516	0	0:05:34.576243
6	1	1	0.0734	1	0:05:22.153279
7	1	1	0.0568	1	0:05:18.180428
8	1	13	0.0133	0	0:05:52.076455
9	1	1	0.0724	1	0:04:59.139708
10	1	1	0.114	1	0:05:33.220889
11	1	-1	0.0	0	0:05:36.461808
12	2	2	0.0922	1	0:05:21.755942
13	2	2	0.0775	1	0:05:18.996671
14	2	2	0.0315	1	0:05:51.707731
15	2	2	0.0579	1	0:04:59.076126
16	2	2	0.0751	1	0:05:32.590290
17	2	2	0.0543	1	0:05:33.040967
18	3	3	0.104	1	0:05:20.090103
19	3	2	0.0228	0	0:05:19.390585
20	3	3	0.0971	1	0:05:52.569476
21	3	2	0.019	0	0:04:58.784023
22	3	3	0.114	1	0:05:30.941868
23	3	3	0.114	1	0:05:33.677952
24	4	4	0.0234	1	0:05:23.381268
25	4	-1	0.0	0	0:05:18.675018
26	4	-1	0.0	0	0:05:52.980016
27	4	9	0.0472	0	0:05:01.619170
28	4	4	0.0436	1	0:05:32.870619
29	4	4	0.0181	1	0:05:34.474145
30	5	5	0.114	1	0:05:21.182460
31	5	5	0.114	1	0:05:18.991283
32	5	5	0.114	1	0:05:52.105966
33	5	5	0.114	1	0:04:58.450671
34	5	5	0.114	1	0:05:33.112004
35	5	5	0.114	1	0:05:34.397469
36	6	6	0.114	1	0:05:19.448104
37	6	6	0.114	1	0:05:14.328399
38	6	6	0.114	1	0:05:48.821409
39	6	6	0.114	1	0:04:54.932188
40	6	6	0.114	1	0:05:30.063476
41	6	6	0.114	1	0:05:31.163977
42	7	7	0.114	1	0:05:19.973137
43	7	7	0.114	1	0:05:18.092609
44	7	7	0.0782	1	0:05:49.531420
45	7	7	0.0673	1	0:04:57.438032
46	7	7	0.114	1	0:05:31.181231
47	7	7	0.114	1	0:05:32.252409
48	8	8	0.0419	1	0:05:22.757055
49	8	15	0.0506	0	0:05:18.437534
50	8	8	0.0264	1	0:05:53.252384
51	8	15	0.0207	0	0:05:01.527879
52	8	8	0.00794	1	0:05:33.647775
53	8	8	0.0523	1	0:05:35.351464
54	9	9	0.0406	1	0:05:22.455043
55	9	9	0.053	1	0:05:18.455990
56	9	-1	0.0	0	0:05:52.152791
57	9	9	0.114	1	0:04:58.850135
58	9	9	0.114	1	0:05:32.986484
59	9	9	0.00206	1	0:05:36.677206
60	10	10	0.0936	1	0:05:18.592354
61	10	10	0.108	1	0:05:20.259353
62	10	10	0.0863	1	0:05:48.287203
63	10	10	0.00195	1	0:05:00.015516
64	10	10	0.114	1	0:05:30.126331
65	10	10	0.114	1	0:05:30.592015
66	11	11	0.108	1	0:05:13.870126
67	11	-1	0.0	0	0:05:20.586324
68	11	11	0.104	1	0:05:43.421461
69	11	-1	0.0	0	0:04:59.179534
70	11	11	0.114	1	0:05:24.408963
71	11	11	0.114	1	0:05:25.919812
72	12	12	0.114	1	0:05:20.836350
73	12	12	0.108	1	0:05:19.383417
74	12	12	0.0936	1	0:05:51.192947
75	12	12	0.061	1	0:04:59.060522
76	12	12	0.114	1	0:05:32.043044
77	12	12	0.114	1	0:05:32.782763
78	13	13	0.0661	1	0:05:22.945835
79	13	13	0.0661	1	0:05:18.472631
80	13	13	0.0627	1	0:05:54.569114
81	13	13	0.0576	1	0:04:59.119514
82	13	13	0.0803	1	0:05:32.656406
83	13	13	0.00941	1	0:05:34.930239
84	14	14	0.101	1	0:05:20.911839
85	14	14	0.0533	1	0:05:20.600017
86	14	14	0.114	1	0:05:50.877285
87	14	-1	0.0	0	0:04:59.033006
88	14	14	0.114	1	0:05:33.380256
89	14	14	0.0971	1	0:05:32.576880
90	15	15	0.0714	1	0:05:23.578128
91	15	15	0.0936	1	0:05:18.408484
92	15	15	0.0543	1	0:05:52.796518
93	15	15	0.0412	1	0:04:59.514609
94	15	15	0.0971	1	0:05:34.032207
95	15	15	0.114	1	0:05:34.445360
96	16	16	0.114	1	0:05:20.488662
97	16	16	0.114	1	0:05:16.239607
98	16	16	0.114	1	0:05:51.556258
99	16	16	0.114	1	0:04:57.599635
100	16	16	0.114	1	0:05:31.124895
101	16	16	0.114	1	0:05:33.435576
102	17	17	0.114	1	0:05:21.281634
103	17	17	0.114	1	0:05:18.418622
104	17	17	0.0751	1	0:05:51.443028
105	17	17	0.114	1	0:04:59.050656
106	17	17	0.0922	1	0:05:32.172969
107	17	-1	0.0	0	0:05:34.909214
108	18	18	0.114	1	0:05:21.904686
109	18	18	0.114	1	0:05:18.431243
110	18	18	0.0763	1	0:05:51.396891
111	18	18	0.114	1	0:04:59.063745
112	18	18	0.114	1	0:05:32.149210
113	18	-1	0.0	0	0:05:34.154686
114	19	-1	0.0	0	0:05:24.198682
115	19	18	0.0014	0	0:05:18.689583
116	19	8	0.00537	0	0:05:52.979742
117	19	19	0.0661	1	0:04:58.835941
118	19	19	0.0724	1	0:05:34.217218
119	19	8	0.0559	0	0:05:35.769474
