idx	label	predict	radius	correct	time
0	0	0	0.0628	1	0:05:58.964123
1	0	0	0.0703	1	0:05:09.820752
2	0	0	0.0744	1	0:05:43.218294
3	0	0	0.0757	1	0:05:25.395062
4	0	0	0.0776	1	0:05:47.438219
5	0	0	0.0762	1	0:05:33.507849
6	1	1	0.0657	1	0:05:34.939138
7	1	1	0.0319	1	0:04:38.238971
8	1	1	0.0551	1	0:05:01.411219
9	1	1	0.0681	1	0:04:48.496854
10	1	1	0.0678	1	0:05:06.216540
11	1	1	0.0651	1	0:05:03.779451
12	2	2	0.0561	1	0:05:08.314098
13	2	2	0.00336	1	0:04:38.948693
14	2	2	0.0696	1	0:04:59.864181
15	2	2	0.0703	1	0:04:45.355253
16	2	2	0.0748	1	0:05:03.620970
17	2	2	0.092	1	0:05:01.148955
18	3	3	0.0977	1	0:05:06.159039
19	3	11	0.103	0	0:04:37.875167
20	3	3	0.0699	1	0:04:59.723625
21	3	3	0.0841	1	0:04:46.170762
22	3	3	0.13	1	0:05:02.717739
23	3	3	0.13	1	0:05:00.792919
24	4	4	0.0594	1	0:05:07.385937
25	4	6	0.0641	0	0:04:36.761113
26	4	-1	0.0	0	0:05:00.523239
27	4	9	0.0315	0	0:04:45.198789
28	4	4	0.0657	1	0:05:01.910007
29	4	4	0.0703	1	0:04:57.925191
30	5	5	0.0874	1	0:05:01.800824
31	5	5	0.104	1	0:04:31.317729
32	5	5	0.0692	1	0:04:54.698004
33	5	5	0.13	1	0:04:37.356685
34	5	5	0.092	1	0:04:52.227381
35	5	5	0.13	1	0:04:49.694367
36	6	6	0.12	1	0:04:51.283062
37	6	6	0.086	1	0:04:22.402378
38	6	6	0.1	1	0:04:45.170229
39	6	6	0.0807	1	0:04:30.663800
40	6	6	0.116	1	0:04:49.676484
41	6	6	0.12	1	0:04:48.715909
42	7	7	0.109	1	0:04:51.868639
43	7	7	0.0929	1	0:04:25.213051
44	7	7	0.0888	1	0:04:45.803952
45	7	7	0.0896	1	0:04:33.563854
46	7	7	0.104	1	0:04:50.513268
47	7	7	0.0957	1	0:04:48.231274
48	8	8	0.0226	1	0:04:55.168682
49	8	8	0.042	1	0:04:26.310554
50	8	2	0.0158	0	0:04:48.643071
51	8	8	0.0635	1	0:04:34.755375
52	8	8	0.0546	1	0:04:52.757255
53	8	8	0.0619	1	0:04:51.322716
54	9	9	0.0762	1	0:04:55.482324
55	9	6	0.0177	0	0:04:26.014135
56	9	-1	0.0	0	0:04:48.646754
57	9	9	0.0699	1	0:04:34.748996
58	9	9	0.0681	1	0:04:52.802873
59	9	9	0.0791	1	0:04:50.803403
60	10	10	0.0771	1	0:04:51.142584
61	10	10	0.0757	1	0:04:25.479842
62	10	10	0.0776	1	0:04:45.209648
63	10	10	0.0781	1	0:04:35.571801
64	10	10	0.0735	1	0:04:48.481670
65	10	10	0.0801	1	0:04:46.450133
66	11	11	0.13	1	0:04:48.840673
67	11	11	0.124	1	0:04:25.563474
68	11	11	0.13	1	0:04:42.256561
69	11	11	0.0867	1	0:04:34.293244
70	11	11	0.12	1	0:04:47.003666
71	11	11	0.13	1	0:04:44.435114
72	12	12	0.0786	1	0:04:52.590602
73	12	11	0.0967	0	0:04:26.711773
74	12	10	0.00412	0	0:04:47.658960
75	12	12	0.0515	1	0:04:35.488794
76	12	12	0.0912	1	0:04:51.324486
77	12	12	0.109	1	0:04:48.853958
78	13	13	0.0715	1	0:04:57.329772
79	13	13	0.0529	1	0:04:25.043272
80	13	-1	0.0	0	0:04:49.144617
81	13	13	0.074	1	0:04:34.179216
82	13	13	0.0654	1	0:04:52.777065
83	13	13	0.0671	1	0:04:50.240556
84	14	14	0.0719	1	0:04:52.690223
85	14	2	0.0177	0	0:04:26.658371
86	14	14	0.0574	1	0:04:47.321275
87	14	14	0.0407	1	0:04:34.245309
88	14	14	0.0671	1	0:04:51.658381
89	14	14	0.0622	1	0:04:48.920608
90	15	15	0.0707	1	0:04:55.290491
91	15	15	0.0688	1	0:04:25.462499
92	15	15	0.0347	1	0:04:48.350410
93	15	15	0.0674	1	0:04:33.867479
94	15	15	0.0638	1	0:04:52.719173
95	15	15	0.0678	1	0:04:50.209788
96	16	16	0.13	1	0:04:53.060564
97	16	16	0.13	1	0:04:24.659084
98	16	16	0.13	1	0:04:47.502451
99	16	16	0.13	1	0:04:33.081110
100	16	16	0.13	1	0:04:51.425282
101	16	16	0.13	1	0:04:49.592971
102	17	17	0.0938	1	0:04:54.914050
103	17	17	0.0707	1	0:04:26.015468
104	17	17	0.0867	1	0:04:48.104795
105	17	17	0.0766	1	0:04:34.486482
106	17	17	0.0888	1	0:04:52.836066
107	17	17	0.0735	1	0:04:50.784201
108	18	18	0.0644	1	0:04:53.837812
109	18	18	0.0641	1	0:04:25.691825
110	18	18	0.0409	1	0:04:47.565440
111	18	18	0.0638	1	0:04:34.293886
112	18	18	0.0602	1	0:04:51.414721
113	18	18	0.0657	1	0:04:49.266294
114	19	-1	0.0	0	0:04:58.026291
115	19	-1	0.0	0	0:04:26.700501
116	19	2	0.0297	0	0:04:48.932722
117	19	19	0.0567	1	0:04:34.528962
118	19	19	0.0596	1	0:04:53.516896
119	19	19	0.0484	1	0:04:52.149567
