idx	label	predict	radius	correct	time
0	0	0	0.0657	1	0:06:00.347958
1	0	0	0.0622	1	0:05:13.090851
2	0	0	0.0678	1	0:05:39.464559
3	0	0	0.0671	1	0:05:22.861799
4	0	0	0.0613	1	0:05:40.031708
5	0	0	0.0681	1	0:05:40.690478
6	1	1	0.0591	1	0:05:46.304270
7	1	1	0.0585	1	0:05:13.666750
8	1	-1	0.0	0	0:05:37.999264
9	1	1	0.0641	1	0:05:23.897999
10	1	1	0.0647	1	0:05:43.064081
11	1	1	0.0532	1	0:05:41.240699
12	2	2	0.0515	1	0:05:41.107505
13	2	2	0.0635	1	0:05:14.814554
14	2	2	0.0091	1	0:05:38.705130
15	2	2	0.0461	1	0:05:22.746071
16	2	2	0.0596	1	0:05:43.482922
17	2	2	0.0977	1	0:05:40.573073
18	3	3	0.0696	1	0:05:45.476540
19	3	3	0.00387	1	0:05:12.782743
20	3	3	0.0685	1	0:05:35.825739
21	3	3	0.0165	1	0:05:22.675983
22	3	3	0.0559	1	0:05:42.714707
23	3	3	0.114	1	0:05:39.779145
24	4	4	0.0748	1	0:05:46.449881
25	4	4	0.0567	1	0:05:14.108337
26	4	-1	0.0	0	0:05:40.050006
27	4	4	0.0252	1	0:05:19.465584
28	4	4	0.0588	1	0:05:42.342505
29	4	4	0.0703	1	0:05:42.372714
30	5	5	0.13	1	0:05:45.576850
31	5	5	0.13	1	0:05:13.954910
32	5	5	0.0696	1	0:05:41.465103
33	5	5	0.0912	1	0:05:23.627910
34	5	5	0.13	1	0:05:43.533378
35	5	5	0.13	1	0:05:36.021592
36	6	6	0.13	1	0:05:42.128180
37	6	6	0.13	1	0:05:09.554566
38	6	6	0.13	1	0:05:35.879436
39	6	6	0.13	1	0:05:19.515683
40	6	6	0.13	1	0:05:40.480726
41	6	6	0.13	1	0:05:40.438726
42	7	7	0.107	1	0:05:41.067767
43	7	7	0.086	1	0:05:10.268966
44	7	7	0.114	1	0:05:37.211481
45	7	7	0.0835	1	0:05:23.264778
46	7	7	0.103	1	0:05:42.062900
47	7	7	0.13	1	0:05:38.889780
48	8	8	0.0174	1	0:05:47.237992
49	8	15	0.0486	0	0:05:13.493746
50	8	15	0.0495	0	0:05:34.430094
51	8	15	0.0045	0	0:05:22.449999
52	8	8	0.00438	1	0:05:44.155127
53	8	8	0.0546	1	0:05:41.934876
54	9	4	0.00859	0	0:05:48.140846
55	9	9	0.0967	1	0:05:15.657527
56	9	4	0.0307	0	0:05:39.873436
57	9	9	0.0989	1	0:05:25.498428
58	9	9	0.0888	1	0:05:37.697333
59	9	4	0.0443	0	0:05:41.408641
60	10	10	0.124	1	0:05:42.186194
61	10	10	0.0904	1	0:05:13.248052
62	10	10	0.0989	1	0:05:35.454271
63	10	10	0.0622	1	0:05:25.135111
64	10	10	0.124	1	0:05:39.400744
65	10	10	0.13	1	0:05:37.156032
66	11	11	0.0967	1	0:05:35.093136
67	11	11	0.0938	1	0:05:13.450654
68	11	11	0.0912	1	0:05:32.039217
69	11	11	0.0647	1	0:05:22.901774
70	11	11	0.0867	1	0:05:37.531219
71	11	11	0.13	1	0:05:36.912586
72	12	12	0.0818	1	0:05:44.070426
73	12	12	0.0334	1	0:05:14.059602
74	12	12	0.0585	1	0:05:34.948803
75	12	11	0.00526	0	0:05:23.850765
76	12	12	0.0577	1	0:05:42.317918
77	12	12	0.109	1	0:05:40.104186
78	13	13	0.0812	1	0:05:49.596011
79	13	13	0.0723	1	0:05:12.535610
80	13	13	0.0654	1	0:05:40.529521
81	13	13	0.0776	1	0:05:19.671499
82	13	13	0.0812	1	0:05:42.832083
83	13	13	0.0667	1	0:05:41.288512
84	14	14	0.0611	1	0:05:43.964653
85	14	14	0.00884	1	0:05:14.571990
86	14	14	0.0554	1	0:05:38.725419
87	14	14	0.0437	1	0:05:22.873060
88	14	14	0.0707	1	0:05:43.406158
89	14	14	0.0681	1	0:05:35.772046
90	15	15	0.0854	1	0:05:47.258282
91	15	15	0.0881	1	0:05:13.281913
92	15	15	0.0766	1	0:05:39.659020
93	15	15	0.0707	1	0:05:22.877149
94	15	15	0.0771	1	0:05:44.458941
95	15	15	0.0692	1	0:05:41.852721
96	16	16	0.13	1	0:05:42.114682
97	16	16	0.124	1	0:05:09.126499
98	16	16	0.13	1	0:05:38.642739
99	16	16	0.13	1	0:05:21.777125
100	16	16	0.13	1	0:05:42.498515
101	16	16	0.13	1	0:05:41.325215
102	17	17	0.0929	1	0:05:47.136617
103	17	17	0.0874	1	0:05:14.823563
104	17	17	0.0929	1	0:05:35.372044
105	17	17	0.0786	1	0:05:22.728108
106	17	17	0.1	1	0:05:44.329714
107	17	17	0.0896	1	0:05:41.923117
108	18	18	0.0703	1	0:05:45.630290
109	18	18	0.0608	1	0:05:12.349097
110	18	0	0.0375	0	0:05:37.982949
111	18	-1	0.0	0	0:05:22.719301
112	18	18	0.0437	1	0:05:37.328076
113	18	19	0.00936	0	0:05:40.145645
114	19	19	0.0428	1	0:05:50.634537
115	19	14	0.00362	0	0:05:15.017172
116	19	8	0.0339	0	0:05:39.210254
117	19	-1	0.0	0	0:05:22.952676
118	19	19	0.0361	1	0:05:44.401366
119	19	19	0.0574	1	0:05:42.546500
