idx	label	predict	radius	correct	time
0	0	0	0.0554	1	0:05:41.278230
1	0	0	0.0535	1	0:05:05.272338
2	0	0	0.0541	1	0:05:43.135594
3	0	0	0.062	1	0:05:11.782443
4	0	0	0.0494	1	0:05:37.374414
5	0	0	0.0598	1	0:05:39.433767
6	1	1	0.0468	1	0:05:31.149005
7	1	1	0.0239	1	0:05:00.629364
8	1	-1	0.0	0	0:05:38.028958
9	1	1	0.0475	1	0:05:11.429548
10	1	1	0.0432	1	0:05:38.075676
11	1	1	0.00349	1	0:05:38.458491
12	2	-1	0.0	0	0:05:30.556235
13	2	2	0.0419	1	0:05:02.281402
14	2	2	0.0304	1	0:05:37.903781
15	2	2	0.0421	1	0:05:13.219400
16	2	2	0.0341	1	0:05:36.458843
17	2	2	0.0458	1	0:05:38.192020
18	3	3	0.0991	1	0:05:30.252440
19	3	-1	0.0	0	0:04:59.283334
20	3	3	0.0594	1	0:05:38.409433
21	3	3	0.0115	1	0:05:13.368888
22	3	3	0.0803	1	0:05:36.189965
23	3	3	0.0573	1	0:05:36.768506
24	4	4	0.0104	1	0:05:31.141558
25	4	4	0.000628	1	0:05:01.634275
26	4	4	0.0339	1	0:05:38.925098
27	4	-1	0.0	0	0:05:13.235304
28	4	4	0.00349	1	0:05:36.916031
29	4	4	0.0392	1	0:05:39.645828
30	5	5	0.114	1	0:05:29.912456
31	5	5	0.114	1	0:04:59.469691
32	5	5	0.0497	1	0:05:40.525616
33	5	5	0.114	1	0:05:11.926073
34	5	5	0.114	1	0:05:36.634549
35	5	5	0.114	1	0:05:37.806639
36	6	6	0.114	1	0:05:28.640162
37	6	6	0.114	1	0:04:56.384620
38	6	6	0.114	1	0:05:36.303614
39	6	6	0.114	1	0:05:09.086816
40	6	6	0.114	1	0:05:34.726887
41	6	6	0.114	1	0:05:37.191636
42	7	7	0.108	1	0:05:27.339657
43	7	7	0.114	1	0:04:59.597491
44	7	7	0.0642	1	0:05:34.582653
45	7	7	0.0991	1	0:05:11.858401
46	7	7	0.081	1	0:05:33.457941
47	7	7	0.0953	1	0:05:36.360413
48	8	8	0.0171	1	0:05:31.447557
49	8	8	0.0528	1	0:05:01.604059
50	8	15	0.0257	0	0:05:41.274567
51	8	8	0.0378	1	0:05:12.219022
52	8	8	0.0573	1	0:05:38.173851
53	8	15	0.0283	0	0:05:38.692160
54	9	9	0.0582	1	0:05:31.845613
55	9	9	0.0559	1	0:05:01.313535
56	9	4	0.00806	0	0:05:38.727465
57	9	9	0.0699	1	0:05:13.687674
58	9	9	0.0818	1	0:05:39.087639
59	9	4	0.00338	0	0:05:40.754313
60	10	10	0.114	1	0:05:24.701236
61	10	10	0.027	1	0:05:02.061051
62	10	10	0.104	1	0:05:33.866968
63	10	10	0.0315	1	0:05:15.328908
64	10	10	0.114	1	0:05:32.186382
65	10	10	0.114	1	0:05:35.948966
66	11	11	0.114	1	0:05:21.091488
67	11	11	0.108	1	0:05:03.774541
68	11	11	0.114	1	0:05:29.032079
69	11	11	0.0224	1	0:05:13.742805
70	11	11	0.114	1	0:05:29.623734
71	11	11	0.114	1	0:05:29.731531
72	12	12	0.114	1	0:05:30.716948
73	12	12	0.0598	1	0:05:02.145783
74	12	12	0.0908	1	0:05:38.216722
75	12	-1	0.0	0	0:05:14.038435
76	12	12	0.0734	1	0:05:37.508725
77	12	12	0.114	1	0:05:36.637326
78	13	13	0.0588	1	0:05:33.535297
79	13	13	0.0681	1	0:05:03.333823
80	13	13	0.0508	1	0:05:40.933668
81	13	13	0.0757	1	0:05:12.440024
82	13	13	0.0488	1	0:05:38.082800
83	13	13	0.0557	1	0:05:39.691350
84	14	14	0.0649	1	0:05:30.510792
85	14	-1	0.0	0	0:05:00.330236
86	14	14	0.0376	1	0:05:37.820710
87	14	14	0.0363	1	0:05:14.111191
88	14	14	0.0462	1	0:05:38.614845
89	14	14	0.00828	1	0:05:36.770726
90	15	15	0.0472	1	0:05:31.255495
91	15	15	0.0543	1	0:05:00.638855
92	15	15	0.0448	1	0:05:41.094007
93	15	15	0.0568	1	0:05:12.979047
94	15	15	0.0499	1	0:05:38.374773
95	15	15	0.0401	1	0:05:38.823886
96	16	16	0.114	1	0:05:30.176705
97	16	16	0.114	1	0:05:01.547178
98	16	16	0.114	1	0:05:37.438933
99	16	16	0.114	1	0:05:11.797052
100	16	16	0.114	1	0:05:36.213642
101	16	16	0.114	1	0:05:39.030615
102	17	17	0.0971	1	0:05:33.031037
103	17	17	0.0971	1	0:04:59.852989
104	17	3	0.0126	0	0:05:38.295470
105	17	17	0.114	1	0:05:13.726280
106	17	17	0.114	1	0:05:38.361612
107	17	3	0.0494	0	0:05:39.390745
108	18	18	0.0483	1	0:05:29.685472
109	18	18	0.0454	1	0:05:00.535492
110	18	7	0.0287	0	0:05:38.616576
111	18	18	0.0312	1	0:05:12.933767
112	18	18	0.0423	1	0:05:37.422863
113	18	18	0.0428	1	0:05:38.152571
114	19	19	0.0339	1	0:05:32.492934
115	19	19	0.0163	1	0:05:01.810403
116	19	15	0.0146	0	0:05:40.367237
117	19	-1	0.0	0	0:05:14.429324
118	19	-1	0.0	0	0:05:36.898571
119	19	8	0.0174	0	0:05:39.118292
