idx	label	predict	radius	correct	time
0	0	0	0.13	1	0:05:09.639060
1	0	0	0.109	1	0:04:38.009652
2	0	0	0.114	1	0:05:11.582436
3	0	0	0.13	1	0:04:46.167527
4	0	0	0.13	1	0:05:15.231918
5	0	0	0.13	1	0:05:19.849588
6	1	1	0.109	1	0:05:03.695778
7	1	1	0.0307	1	0:04:38.010773
8	1	1	0.0139	1	0:05:07.877539
9	1	1	0.101	1	0:04:46.570224
10	1	1	0.106	1	0:05:11.377402
11	1	1	0.111	1	0:05:21.930477
12	2	2	0.0786	1	0:05:03.899584
13	2	2	0.0847	1	0:04:39.192235
14	2	2	0.0674	1	0:05:07.876646
15	2	2	0.013	1	0:04:47.329742
16	2	2	0.0443	1	0:05:12.412458
17	2	2	0.12	1	0:05:16.074315
18	3	3	0.0912	1	0:05:03.306991
19	3	11	0.0373	0	0:04:38.832017
20	3	3	0.0229	1	0:05:06.592905
21	3	3	0.0719	1	0:04:46.589491
22	3	3	0.0874	1	0:05:11.015255
23	3	3	0.13	1	0:05:15.706105
24	4	4	0.106	1	0:05:03.665394
25	4	9	0.00488	0	0:04:38.216361
26	4	-1	0.0	0	0:05:07.973162
27	4	4	0.092	1	0:04:47.223676
28	4	4	0.0989	1	0:05:12.612203
29	4	4	0.114	1	0:05:16.974095
30	5	5	0.13	1	0:05:02.850281
31	5	5	0.13	1	0:04:38.054299
32	5	5	0.0525	1	0:05:07.731039
33	5	5	0.13	1	0:04:46.386129
34	5	5	0.13	1	0:05:11.536307
35	5	5	0.116	1	0:05:16.648990
36	6	6	0.13	1	0:05:01.360098
37	6	6	0.13	1	0:04:35.466246
38	6	6	0.13	1	0:05:05.856700
39	6	6	0.13	1	0:04:44.961305
40	6	6	0.13	1	0:05:10.893650
41	6	6	0.13	1	0:05:14.743206
42	7	7	0.107	1	0:05:01.601285
43	7	7	0.114	1	0:04:42.489888
44	7	7	0.111	1	0:05:11.370625
45	7	7	0.116	1	0:04:52.390256
46	7	7	0.0989	1	0:05:17.161805
47	7	7	0.114	1	0:05:22.397486
48	8	8	0.0841	1	0:05:10.652781
49	8	8	0.0198	1	0:04:44.730025
50	8	15	0.0246	0	0:05:15.094297
51	8	8	0.0829	1	0:04:53.192214
52	8	8	0.0989	1	0:05:19.263725
53	8	8	0.0366	1	0:05:24.599210
54	9	9	0.0841	1	0:05:11.193722
55	9	9	0.0957	1	0:04:45.071436
56	9	9	0.0509	1	0:05:15.874866
57	9	9	0.13	1	0:04:53.847144
58	9	9	0.13	1	0:05:20.033605
59	9	9	0.13	1	0:05:24.790143
60	10	10	0.0967	1	0:05:07.778919
61	10	10	0.114	1	0:04:47.645239
62	10	10	0.0776	1	0:05:12.168447
63	10	10	0.13	1	0:04:55.511538
64	10	10	0.13	1	0:05:18.735234
65	10	10	0.13	1	0:05:22.041031
66	11	11	0.13	1	0:05:03.734972
67	11	11	0.13	1	0:04:44.638667
68	11	11	0.13	1	0:05:06.983109
69	11	11	0.00923	1	0:04:54.283675
70	11	11	0.124	1	0:05:11.744154
71	11	11	0.13	1	0:05:17.950582
72	12	12	0.13	1	0:05:11.210594
73	12	-1	0.0	0	0:04:46.866777
74	12	-1	0.0	0	0:05:13.613268
75	12	12	0.0699	1	0:04:53.653449
76	12	12	0.13	1	0:05:17.416504
77	12	12	0.13	1	0:05:22.872596
78	13	13	0.124	1	0:05:10.503530
79	13	13	0.107	1	0:04:44.495618
80	13	13	0.0967	1	0:05:14.256555
81	13	13	0.104	1	0:04:52.383880
82	13	13	0.114	1	0:05:18.236551
83	13	13	0.0818	1	0:05:24.125865
84	14	14	0.0183	1	0:05:09.570349
85	14	2	0.0504	0	0:04:47.043977
86	14	14	0.0678	1	0:05:16.166165
87	14	14	0.1	1	0:04:56.156266
88	14	14	0.13	1	0:05:20.218025
89	14	14	0.13	1	0:05:25.662569
90	15	15	0.0967	1	0:05:13.498352
91	15	15	0.103	1	0:04:47.528405
92	15	15	0.0904	1	0:05:17.729842
93	15	15	0.107	1	0:04:55.628530
94	15	15	0.109	1	0:05:21.335274
95	15	15	0.086	1	0:05:26.810463
96	16	16	0.13	1	0:05:10.998832
97	16	16	0.13	1	0:04:45.834683
98	16	16	0.13	1	0:05:16.622686
99	16	16	0.13	1	0:04:55.273900
100	16	16	0.13	1	0:05:20.220550
101	16	16	0.13	1	0:05:25.608738
102	17	17	0.13	1	0:05:11.119195
103	17	17	0.124	1	0:04:45.638615
104	17	17	0.0854	1	0:05:15.573060
105	17	17	0.116	1	0:04:54.266129
106	17	17	0.13	1	0:05:20.229434
107	17	17	0.0881	1	0:05:24.422132
108	18	18	0.0791	1	0:05:10.645347
109	18	18	0.0781	1	0:04:44.808795
110	18	-1	0.0	0	0:05:15.217412
111	18	18	0.0867	1	0:04:53.611572
112	18	18	0.0989	1	0:05:19.278023
113	18	18	0.0707	1	0:05:24.733275
114	19	2	0.0504	0	0:05:11.748517
115	19	-1	0.0	0	0:04:44.572667
116	19	-1	0.0	0	0:05:14.904006
117	19	19	0.0818	1	0:04:53.005558
118	19	19	0.0929	1	0:05:14.051769
119	19	19	0.0938	1	0:05:20.409715
