idx	label	predict	radius	correct	time
0	0	0	0.0786	1	0:05:08.954337
1	0	-1	0.0	0	0:04:38.707891
2	0	0	0.058	1	0:05:10.495358
3	0	0	0.0486	1	0:04:47.015110
4	0	0	0.0888	1	0:05:16.874379
5	0	0	0.0874	1	0:05:21.061078
6	1	1	0.0881	1	0:05:04.333055
7	1	1	0.00072	1	0:04:38.912294
8	1	-1	0.0	0	0:05:08.749919
9	1	1	0.0753	1	0:04:47.473106
10	1	1	0.0867	1	0:05:13.071210
11	1	1	0.0731	1	0:05:19.328924
12	2	2	0.0823	1	0:05:03.672743
13	2	-1	0.0	0	0:04:39.405630
14	2	-1	0.0	0	0:05:07.415536
15	2	2	0.0561	1	0:04:47.229789
16	2	2	0.0989	1	0:05:11.653699
17	2	2	0.106	1	0:05:16.321743
18	3	3	0.0671	1	0:05:03.670623
19	3	11	0.0324	0	0:04:38.992248
20	3	-1	0.0	0	0:05:07.058941
21	3	2	0.0124	0	0:04:47.036849
22	3	3	0.0378	1	0:05:11.678586
23	3	3	0.116	1	0:05:16.537360
24	4	4	0.0957	1	0:05:04.345173
25	4	6	0.0549	0	0:04:38.779222
26	4	-1	0.0	0	0:05:08.792682
27	4	9	0.0567	0	0:04:47.173075
28	4	4	0.0938	1	0:05:12.891868
29	4	4	0.0977	1	0:05:17.395347
30	5	5	0.124	1	0:05:03.191437
31	5	5	0.0938	1	0:04:38.417109
32	5	5	0.0463	1	0:05:07.672281
33	5	5	0.13	1	0:04:46.549738
34	5	5	0.124	1	0:05:11.727180
35	5	5	0.13	1	0:05:16.628493
36	6	6	0.13	1	0:05:02.064490
37	6	6	0.104	1	0:04:35.874027
38	6	6	0.124	1	0:05:06.265842
39	6	6	0.109	1	0:04:44.128538
40	6	6	0.12	1	0:05:10.375005
41	6	6	0.124	1	0:05:15.343409
42	7	7	0.0947	1	0:05:02.211691
43	7	7	0.1	1	0:04:39.527932
44	7	7	0.12	1	0:05:06.666339
45	7	7	0.0929	1	0:04:46.531434
46	7	7	0.104	1	0:05:10.880928
47	7	7	0.124	1	0:05:15.281225
48	8	8	0.0596	1	0:05:03.855308
49	8	15	0.0781	0	0:04:38.657549
50	8	15	0.0184	0	0:05:08.168819
51	8	15	0.0527	0	0:04:46.910192
52	8	8	0.0337	1	0:05:12.514361
53	8	8	0.00135	1	0:05:17.005027
54	9	9	0.0445	1	0:05:04.579862
55	9	9	0.0293	1	0:04:38.621104
56	9	9	0.0159	1	0:05:08.157163
57	9	9	0.114	1	0:04:47.178526
58	9	9	0.106	1	0:05:12.541066
59	9	9	0.116	1	0:05:17.035747
60	10	10	0.114	1	0:05:00.592830
61	10	10	0.0696	1	0:04:40.661968
62	10	10	0.0967	1	0:05:04.963730
63	10	10	0.0835	1	0:04:48.478466
64	10	10	0.124	1	0:05:11.513459
65	10	10	0.124	1	0:05:14.169979
66	11	11	0.13	1	0:04:56.318257
67	11	11	0.13	1	0:04:38.414355
68	11	11	0.13	1	0:05:00.159680
69	11	11	0.0428	1	0:04:47.180125
70	11	11	0.13	1	0:05:05.769437
71	11	11	0.13	1	0:05:10.877666
72	12	12	0.0947	1	0:05:02.508656
73	12	11	0.00273	0	0:04:38.845352
74	12	12	0.0151	1	0:05:07.212011
75	12	12	0.0703	1	0:04:47.392002
76	12	12	0.0967	1	0:05:10.793896
77	12	12	0.114	1	0:05:15.572656
78	13	13	0.0829	1	0:05:03.787386
79	13	13	0.0744	1	0:04:38.879317
80	13	13	0.0753	1	0:05:08.158285
81	13	13	0.0727	1	0:04:46.404544
82	13	13	0.0957	1	0:05:11.994835
83	13	13	0.0459	1	0:05:16.801104
84	14	14	0.0515	1	0:05:03.241001
85	14	-1	0.0	0	0:04:39.260010
86	14	-1	0.0	0	0:05:06.785779
87	14	-1	0.0	0	0:04:47.457871
88	14	14	0.103	1	0:05:11.044727
89	14	14	0.109	1	0:05:15.758266
90	15	15	0.0556	1	0:05:04.303441
91	15	15	0.0796	1	0:04:38.710547
92	15	15	0.0588	1	0:05:08.708385
93	15	15	0.0748	1	0:04:46.802691
94	15	15	0.0594	1	0:05:12.251825
95	15	15	0.0253	1	0:05:17.306115
96	16	16	0.13	1	0:05:02.076535
97	16	16	0.13	1	0:04:37.479249
98	16	16	0.0888	1	0:05:06.760017
99	16	16	0.13	1	0:04:46.492661
100	16	16	0.13	1	0:05:11.437161
101	16	16	0.13	1	0:05:16.236458
102	17	17	0.116	1	0:05:03.777176
103	17	17	0.0818	1	0:04:38.667161
104	17	17	0.0989	1	0:05:08.110913
105	17	17	0.0801	1	0:04:47.462466
106	17	17	0.116	1	0:05:12.759027
107	17	17	0.124	1	0:05:16.996540
108	18	18	0.0337	1	0:05:03.839990
109	18	18	0.0753	1	0:04:38.525447
110	18	18	0.0506	1	0:05:08.300720
111	18	18	0.0357	1	0:04:46.503557
112	18	18	0.0867	1	0:05:12.187199
113	18	5	0.0428	0	0:05:17.218199
114	19	19	0.0588	1	0:05:04.393936
115	19	2	0.0189	0	0:04:38.319574
116	19	8	0.000468	0	0:05:08.492466
117	19	19	0.0692	1	0:04:46.749899
118	19	19	0.0744	1	0:05:12.026550
119	19	8	0.0574	0	0:05:17.991222
