idx	label	predict	radius	correct	time
0	0	0	0.19	1	0:05:11.869059
1	0	0	0.234	1	0:04:16.652526
2	0	0	0.272	1	0:05:03.368343
3	0	0	0.244	1	0:04:29.601269
4	0	0	0.206	1	0:04:49.038864
5	0	0	0.239	1	0:05:18.430830
6	1	1	0.318	1	0:05:05.267250
7	1	1	0.318	1	0:04:17.903313
8	1	1	0.318	1	0:05:04.436588
9	1	1	0.318	1	0:04:30.551495
10	1	1	0.318	1	0:04:49.877593
11	1	1	0.318	1	0:05:14.164947
12	2	2	0.0436	1	0:05:05.026851
13	2	2	0.164	1	0:04:17.879911
14	2	2	0.173	1	0:05:03.130721
15	2	2	0.318	1	0:04:29.899013
16	2	2	0.318	1	0:04:48.196418
17	2	2	0.318	1	0:05:11.988522
18	3	3	0.318	1	0:05:04.477441
19	3	17	0.0245	0	0:04:18.065974
20	3	3	0.157	1	0:05:02.891900
21	3	3	0.217	1	0:04:30.597578
22	3	3	0.318	1	0:04:48.367480
23	3	3	0.318	1	0:05:11.541861
24	4	4	0.215	1	0:05:06.553189
25	4	4	0.0144	1	0:04:18.192029
26	4	4	0.262	1	0:05:03.625614
27	4	4	0.105	1	0:04:30.102239
28	4	4	0.184	1	0:04:49.906099
29	4	4	0.318	1	0:05:13.705006
30	5	5	0.318	1	0:05:04.975344
31	5	5	0.318	1	0:04:16.439008
32	5	5	0.318	1	0:05:03.199262
33	5	5	0.318	1	0:04:30.086110
34	5	5	0.318	1	0:04:49.452180
35	5	5	0.318	1	0:05:11.978296
36	6	6	0.318	1	0:05:03.627845
37	6	6	0.318	1	0:04:15.189621
38	6	6	0.318	1	0:05:02.029539
39	6	6	0.318	1	0:04:26.718621
40	6	6	0.318	1	0:04:46.074397
41	6	6	0.318	1	0:05:10.608968
42	7	7	0.318	1	0:05:02.821292
43	7	7	0.248	1	0:04:16.243870
44	7	7	0.318	1	0:05:01.768703
45	7	7	0.318	1	0:04:29.865968
46	7	7	0.258	1	0:04:46.771924
47	7	7	0.292	1	0:05:11.293693
48	8	8	0.219	1	0:05:05.722748
49	8	8	0.0204	1	0:04:18.190516
50	8	8	0.229	1	0:05:04.520721
51	8	8	0.229	1	0:04:29.429350
52	8	8	0.225	1	0:04:49.462335
53	8	8	0.231	1	0:05:13.354197
54	9	4	0.0788	0	0:05:05.567555
55	9	9	0.318	1	0:04:17.356400
56	9	4	0.0403	0	0:05:03.726094
57	9	9	0.318	1	0:04:30.685592
58	9	9	0.318	1	0:04:50.656086
59	9	9	0.318	1	0:05:12.955897
60	10	10	0.318	1	0:05:01.151831
61	10	10	0.109	1	0:04:19.418585
62	10	10	0.318	1	0:04:59.315368
63	10	10	0.318	1	0:04:32.256311
64	10	10	0.318	1	0:04:45.730700
65	10	10	0.318	1	0:05:09.610147
66	11	11	0.318	1	0:04:57.259589
67	11	11	0.318	1	0:04:18.168523
68	11	11	0.318	1	0:04:55.643217
69	11	3	0.0497	0	0:04:30.871234
70	11	11	0.318	1	0:04:41.853473
71	11	11	0.318	1	0:05:06.006291
72	12	12	0.318	1	0:05:03.645554
73	12	12	0.171	1	0:04:18.442797
74	12	12	0.318	1	0:05:03.083630
75	12	12	0.318	1	0:04:31.132048
76	12	12	0.318	1	0:04:48.554459
77	12	12	0.318	1	0:05:11.561509
78	13	13	0.318	1	0:05:06.297510
79	13	13	0.278	1	0:04:18.595860
80	13	13	0.284	1	0:05:04.837367
81	13	13	0.303	1	0:04:30.242971
82	13	13	0.318	1	0:04:49.780276
83	13	13	0.262	1	0:05:13.786212
84	14	14	0.171	1	0:05:04.811746
85	14	14	0.115	1	0:04:19.064247
86	14	14	0.272	1	0:05:02.144722
87	14	14	0.0945	1	0:04:31.035834
88	14	14	0.262	1	0:04:48.000943
89	14	14	0.292	1	0:05:12.053112
90	15	15	0.229	1	0:05:06.701863
91	15	0	0.0652	0	0:04:17.776142
92	15	15	0.248	1	0:05:04.227038
93	15	15	0.244	1	0:04:30.743068
94	15	15	0.195	1	0:04:49.469696
95	15	15	0.244	1	0:05:14.942027
96	16	16	0.318	1	0:05:03.346519
97	16	16	0.318	1	0:04:16.517520
98	16	16	0.318	1	0:05:01.838453
99	16	16	0.318	1	0:04:28.709531
100	16	16	0.318	1	0:04:48.765228
101	16	16	0.318	1	0:05:10.750484
102	17	17	0.318	1	0:05:05.447086
103	17	17	0.318	1	0:04:17.070062
104	17	17	0.318	1	0:05:03.007522
105	17	17	0.318	1	0:04:30.125463
106	17	17	0.318	1	0:04:50.066021
107	17	17	0.0497	1	0:05:12.288342
108	18	18	0.318	1	0:05:05.377356
109	18	18	0.318	1	0:04:17.448419
110	18	18	0.318	1	0:05:03.165914
111	18	18	0.318	1	0:04:29.982565
112	18	18	0.318	1	0:04:49.068623
113	18	18	0.318	1	0:05:12.198223
114	19	19	0.318	1	0:05:05.967793
115	19	-1	0.0	0	0:04:18.509671
116	19	19	0.151	1	0:05:04.617336
117	19	19	0.303	1	0:04:30.583819
118	19	19	0.303	1	0:04:50.480123
119	19	19	0.303	1	0:05:14.166214
