idx	label	predict	radius	correct	time
0	0	0	0.125	1	0:05:56.585429
1	0	-1	0.0	0	0:04:51.856370
2	0	-1	0.0	0	0:05:41.507620
3	0	0	0.141	1	0:05:04.593433
4	0	0	0.21	1	0:05:25.626708
5	0	0	0.171	1	0:05:54.030068
6	1	1	0.318	1	0:05:42.995657
7	1	1	0.318	1	0:04:51.598071
8	1	-1	0.0	0	0:05:43.315820
9	1	1	0.303	1	0:05:05.774306
10	1	1	0.318	1	0:05:26.645553
11	1	1	0.292	1	0:05:50.553771
12	2	-1	0.0	0	0:05:42.395866
13	2	9	0.14	0	0:04:50.960950
14	2	2	0.0591	1	0:05:40.132839
15	2	2	0.0865	1	0:05:04.992334
16	2	2	0.284	1	0:05:24.516972
17	2	2	0.248	1	0:05:50.467766
18	3	3	0.318	1	0:05:41.393673
19	3	-1	0.0	0	0:04:51.089237
20	3	17	0.133	0	0:05:39.199809
21	3	-1	0.0	0	0:05:05.252376
22	3	3	0.242	1	0:05:24.300754
23	3	3	0.318	1	0:05:49.221663
24	4	4	0.0824	1	0:05:43.541587
25	4	9	0.00637	0	0:04:51.227568
26	4	4	0.02	1	0:05:40.927411
27	4	9	0.113	0	0:05:04.442759
28	4	4	0.0542	1	0:05:25.394946
29	4	4	0.00915	1	0:05:51.409678
30	5	5	0.318	1	0:05:43.081516
31	5	5	0.318	1	0:04:49.722133
32	5	5	0.318	1	0:05:40.623606
33	5	5	0.318	1	0:05:04.205016
34	5	5	0.318	1	0:05:24.711231
35	5	5	0.318	1	0:05:50.128328
36	6	6	0.292	1	0:05:40.346078
37	6	6	0.318	1	0:04:46.363870
38	6	6	0.284	1	0:05:38.262315
39	6	6	0.174	1	0:05:01.476099
40	6	6	0.272	1	0:05:23.228984
41	6	6	0.292	1	0:05:48.481098
42	7	7	0.318	1	0:05:39.605948
43	7	7	0.318	1	0:04:50.011754
44	7	7	0.107	1	0:05:37.917044
45	7	7	0.215	1	0:05:03.625048
46	7	7	0.318	1	0:05:23.218852
47	7	7	0.318	1	0:05:49.132789
48	8	8	0.0292	1	0:05:44.027617
49	8	-1	0.0	0	0:04:50.379183
50	8	8	0.0321	1	0:05:41.863062
51	8	15	0.0204	0	0:05:04.757672
52	8	8	0.0796	1	0:05:26.337140
53	8	15	0.0264	0	0:05:51.752185
54	9	9	0.0318	1	0:05:44.225641
55	9	9	0.223	1	0:04:50.589367
56	9	-1	0.0	0	0:05:42.524549
57	9	9	0.123	1	0:05:04.787780
58	9	9	0.0848	1	0:05:28.031203
59	9	2	0.0548	0	0:05:50.527588
60	10	10	0.318	1	0:05:38.878364
61	10	10	0.177	1	0:04:52.784027
62	10	10	0.284	1	0:05:35.552884
63	10	12	0.00853	0	0:05:06.954855
64	10	10	0.303	1	0:05:21.423322
65	10	10	0.303	1	0:05:47.914154
66	11	11	0.318	1	0:05:32.811193
67	11	11	0.254	1	0:04:50.822681
68	11	11	0.318	1	0:05:34.165631
69	11	3	0.00176	0	0:05:05.302382
70	11	11	0.318	1	0:05:16.983903
71	11	11	0.318	1	0:05:42.860941
72	12	12	0.318	1	0:05:41.252380
73	12	12	0.318	1	0:04:51.108607
74	12	12	0.318	1	0:05:40.088038
75	12	12	0.124	1	0:05:04.542741
76	12	12	0.318	1	0:05:26.003533
77	12	12	0.318	1	0:05:49.644174
78	13	-1	0.0	0	0:05:43.131342
79	13	-1	0.0	0	0:04:50.506452
80	13	-1	0.0	0	0:05:41.836995
81	13	13	0.133	1	0:05:04.701643
82	13	13	0.0393	1	0:05:25.926880
83	13	-1	0.0	0	0:05:53.518287
84	14	14	0.141	1	0:05:41.494801
85	14	-1	0.0	0	0:04:50.252396
86	14	2	0.0204	0	0:05:38.742938
87	14	-1	0.0	0	0:05:05.166229
88	14	14	0.248	1	0:05:24.350275
89	14	14	0.272	1	0:05:50.048259
90	15	15	0.0685	1	0:05:43.873094
91	15	8	0.0286	0	0:04:50.703878
92	15	8	0.0207	0	0:05:42.066774
93	15	15	0.131	1	0:05:05.306438
94	15	15	0.204	1	0:05:26.095112
95	15	15	0.0627	1	0:05:51.393520
96	16	16	0.318	1	0:05:40.915785
97	16	16	0.318	1	0:04:49.599846
98	16	16	0.318	1	0:05:39.559319
99	16	16	0.318	1	0:05:03.927026
100	16	16	0.318	1	0:05:25.108727
101	16	16	0.318	1	0:05:49.258162
102	17	17	0.292	1	0:05:42.615075
103	17	17	0.318	1	0:04:51.156839
104	17	17	0.318	1	0:05:41.802154
105	17	17	0.303	1	0:05:04.676069
106	17	17	0.239	1	0:05:25.675692
107	17	17	0.318	1	0:05:50.917460
108	18	18	0.318	1	0:05:42.397900
109	18	18	0.318	1	0:04:50.167947
110	18	18	0.134	1	0:05:39.697575
111	18	18	0.242	1	0:05:04.100770
112	18	18	0.19	1	0:05:24.395814
113	18	18	0.251	1	0:05:50.194747
114	19	19	0.178	1	0:05:44.098071
115	19	-1	0.0	0	0:04:51.680912
116	19	8	0.0781	0	0:05:42.250029
117	19	19	0.258	1	0:05:05.063516
118	19	19	0.292	1	0:05:28.865739
119	19	8	0.198	0	0:05:52.729335
