idx	label	predict	radius	correct	time
0	0	0	0.0394	1	0:05:20.905382
1	0	2	0.0347	0	0:04:36.789070
2	0	2	0.0422	0	0:05:09.767304
3	0	0	0.0486	1	0:04:44.651315
4	0	0	0.0577	1	0:05:13.736126
5	0	0	0.0383	1	0:05:19.843477
6	1	1	0.0771	1	0:05:02.233012
7	1	1	0.0194	1	0:04:37.075750
8	1	2	0.0537	0	0:05:06.453934
9	1	1	0.058	1	0:04:45.567387
10	1	1	0.0766	1	0:05:10.811934
11	1	1	0.0332	1	0:05:16.862063
12	2	2	0.1	1	0:05:01.801972
13	2	2	0.0818	1	0:04:37.716823
14	2	2	0.0967	1	0:05:05.458235
15	2	2	0.0465	1	0:04:45.488030
16	2	2	0.104	1	0:05:09.843070
17	2	2	0.0847	1	0:05:14.602869
18	3	3	0.0823	1	0:05:01.917864
19	3	11	0.0232	0	0:04:37.350896
20	3	3	0.0198	1	0:05:05.265723
21	3	3	0.0364	1	0:04:45.244892
22	3	3	0.0671	1	0:05:09.413305
23	3	3	0.0781	1	0:05:14.411810
24	4	4	0.0529	1	0:05:02.549989
25	4	2	0.0635	0	0:04:37.228237
26	4	-1	0.0	0	0:05:06.732962
27	4	9	0.0532	0	0:04:45.307305
28	4	4	0.0484	1	0:05:10.883618
29	4	4	0.0396	1	0:05:15.888203
30	5	5	0.13	1	0:05:01.589677
31	5	5	0.0835	1	0:04:36.816116
32	5	5	0.0807	1	0:05:05.905433
33	5	5	0.0957	1	0:04:45.123056
34	5	5	0.124	1	0:05:09.839531
35	5	5	0.107	1	0:05:15.141657
36	6	6	0.12	1	0:05:01.551147
37	6	6	0.114	1	0:04:33.926053
38	6	6	0.12	1	0:05:05.740251
39	6	6	0.109	1	0:04:42.293300
40	6	6	0.13	1	0:05:08.277618
41	6	6	0.114	1	0:05:13.617965
42	7	7	0.12	1	0:05:00.127611
43	7	7	0.124	1	0:04:37.384784
44	7	7	0.111	1	0:05:04.954036
45	7	7	0.1	1	0:04:44.536037
46	7	7	0.0938	1	0:05:08.557031
47	7	7	0.111	1	0:05:13.976193
48	8	8	0.0611	1	0:05:02.019965
49	8	8	0.0489	1	0:04:36.932114
50	8	8	0.00577	1	0:05:06.570291
51	8	8	0.0559	1	0:04:45.018796
52	8	8	0.0644	1	0:05:10.757368
53	8	-1	0.0	0	0:05:15.682852
54	9	4	0.0222	0	0:05:03.093531
55	9	2	0.0674	0	0:04:37.322712
56	9	6	0.0103	0	0:05:06.418499
57	9	9	0.0696	1	0:04:45.176626
58	9	9	0.0638	1	0:05:10.763341
59	9	-1	0.0	0	0:05:15.732904
60	10	10	0.116	1	0:04:58.894300
61	10	10	0.0835	1	0:04:38.887181
62	10	10	0.116	1	0:05:03.367451
63	10	10	0.12	1	0:04:46.942890
64	10	10	0.124	1	0:05:09.934360
65	10	10	0.13	1	0:05:13.021073
66	11	11	0.13	1	0:04:55.186780
67	11	11	0.0719	1	0:04:37.310519
68	11	11	0.13	1	0:04:59.160994
69	11	3	0.05	0	0:04:45.675865
70	11	11	0.13	1	0:05:04.028904
71	11	11	0.13	1	0:05:09.570449
72	12	12	0.092	1	0:05:01.091670
73	12	12	0.0583	1	0:04:37.593585
74	12	12	0.0719	1	0:05:05.623895
75	12	12	0.0707	1	0:04:46.107181
76	12	12	0.0812	1	0:05:08.808780
77	12	12	0.0874	1	0:05:14.217040
78	13	13	0.0534	1	0:05:02.378613
79	13	13	0.0262	1	0:04:37.970077
80	13	13	0.0465	1	0:05:06.767531
81	13	13	0.0532	1	0:04:45.095081
82	13	13	0.0723	1	0:05:10.332282
83	13	13	0.0166	1	0:05:15.602452
84	14	14	0.0153	1	0:05:01.209725
85	14	2	0.0169	0	0:04:37.878014
86	14	14	0.00872	1	0:05:05.301936
87	14	14	0.074	1	0:04:45.579971
88	14	14	0.104	1	0:05:09.418604
89	14	14	0.0888	1	0:05:13.783349
90	15	15	0.111	1	0:05:02.922276
91	15	15	0.111	1	0:04:37.275245
92	15	15	0.103	1	0:05:06.802731
93	15	15	0.106	1	0:04:45.509202
94	15	15	0.111	1	0:05:10.806589
95	15	15	0.116	1	0:05:15.970838
96	16	16	0.13	1	0:05:01.487421
97	16	16	0.13	1	0:04:36.599123
98	16	16	0.13	1	0:05:05.408967
99	16	16	0.13	1	0:04:45.034141
100	16	16	0.13	1	0:05:09.814468
101	16	16	0.13	1	0:05:15.001214
102	17	17	0.114	1	0:05:02.595724
103	17	17	0.0835	1	0:04:37.456129
104	17	17	0.0947	1	0:05:06.962990
105	17	17	0.0854	1	0:04:46.231596
106	17	17	0.109	1	0:05:11.534112
107	17	17	0.106	1	0:05:15.881793
108	18	18	0.12	1	0:05:02.742592
109	18	18	0.0625	1	0:04:38.192082
110	18	18	0.0667	1	0:05:07.534836
111	18	18	0.0841	1	0:04:45.567651
112	18	18	0.0977	1	0:05:10.748167
113	18	18	0.0881	1	0:05:15.789404
114	19	19	0.0262	1	0:05:02.740287
115	19	2	0.0202	0	0:04:37.097761
116	19	-1	0.0	0	0:05:07.293355
117	19	19	0.0574	1	0:04:45.988396
118	19	19	0.0332	1	0:05:11.289574
119	19	19	0.0731	1	0:05:16.780660
