idx	label	predict	radius	correct	time
0	0	0	0.0215	1	0:05:13.484498
1	0	-1	0.0	0	0:04:37.726192
2	0	-1	0.0	0	0:05:13.582656
3	0	-1	0.0	0	0:04:46.687217
4	0	0	0.0564	1	0:05:19.100694
5	0	0	0.012	1	0:05:18.667475
6	1	1	0.0657	1	0:05:04.196004
7	1	1	0.0392	1	0:04:38.860492
8	1	-1	0.0	0	0:05:08.666645
9	1	1	0.0532	1	0:04:47.317159
10	1	1	0.0611	1	0:05:13.007283
11	1	1	0.0437	1	0:05:18.781773
12	2	2	0.0847	1	0:05:03.413352
13	2	2	0.0715	1	0:04:39.272218
14	2	-1	0.0	0	0:05:07.279216
15	2	2	0.0108	1	0:04:46.991037
16	2	2	0.107	1	0:05:11.654049
17	2	2	0.0947	1	0:05:16.006779
18	3	3	0.114	1	0:05:03.688307
19	3	3	0.0129	1	0:04:38.873370
20	3	17	0.00654	0	0:05:07.123935
21	3	-1	0.0	0	0:04:47.272259
22	3	3	0.106	1	0:05:11.662571
23	3	3	0.101	1	0:05:16.283163
24	4	-1	0.0	0	0:05:04.028819
25	4	-1	0.0	0	0:04:38.613547
26	4	6	0.0188	0	0:05:08.327181
27	4	2	0.00122	0	0:04:47.049019
28	4	4	0.0341	1	0:05:12.664692
29	4	2	0.0476	0	0:05:17.014534
30	5	5	0.0748	1	0:05:02.993815
31	5	5	0.0577	1	0:04:38.436617
32	5	5	0.0409	1	0:05:07.620107
33	5	5	0.0476	1	0:04:46.185145
34	5	5	0.0707	1	0:05:11.731100
35	5	5	0.0904	1	0:05:16.739833
36	6	6	0.0912	1	0:05:01.636703
37	6	6	0.0989	1	0:04:36.014974
38	6	6	0.104	1	0:05:06.545093
39	6	6	0.0977	1	0:04:44.331269
40	6	6	0.103	1	0:05:10.433912
41	6	6	0.0735	1	0:05:15.559832
42	7	7	0.124	1	0:05:02.247287
43	7	7	0.124	1	0:04:39.115888
44	7	7	0.114	1	0:05:06.929586
45	7	7	0.124	1	0:04:46.706934
46	7	7	0.12	1	0:05:11.174414
47	7	7	0.111	1	0:05:15.565503
48	8	8	0.048	1	0:05:04.038073
49	8	15	0.031	0	0:04:38.793505
50	8	-1	0.0	0	0:05:08.341475
51	8	-1	0.0	0	0:04:47.144119
52	8	-1	0.0	0	0:05:12.453705
53	8	8	0.0239	1	0:05:17.178647
54	9	9	0.00552	1	0:05:04.601208
55	9	2	0.01	0	0:04:38.794998
56	9	6	0.0616	0	0:05:08.265925
57	9	9	0.0279	1	0:04:46.987055
58	9	-1	0.0	0	0:05:12.858211
59	9	9	0.0108	1	0:05:17.174487
60	10	10	0.116	1	0:05:00.667825
61	10	10	0.104	1	0:04:40.606484
62	10	10	0.0938	1	0:05:04.865104
63	10	10	0.0511	1	0:04:48.616485
64	10	10	0.116	1	0:05:11.864847
65	10	10	0.103	1	0:05:14.555672
66	11	11	0.13	1	0:04:56.502158
67	11	11	0.0181	1	0:04:38.716417
68	11	11	0.124	1	0:05:00.203143
69	11	3	0.00756	0	0:04:47.339928
70	11	11	0.13	1	0:05:05.759756
71	11	11	0.124	1	0:05:10.631544
72	12	12	0.0854	1	0:05:02.425364
73	12	12	0.0486	1	0:04:38.911464
74	12	-1	0.0	0	0:05:07.363182
75	12	12	0.0139	1	0:04:47.533190
76	12	12	0.0654	1	0:05:11.018994
77	12	12	0.1	1	0:05:15.617742
78	13	13	0.0279	1	0:05:03.885195
79	13	13	0.0491	1	0:04:39.075919
80	13	13	0.000971	1	0:05:08.485287
81	13	13	0.0527	1	0:04:46.823963
82	13	13	0.0619	1	0:05:12.234841
83	13	13	0.0104	1	0:05:16.966397
84	14	14	0.0116	1	0:05:03.335922
85	14	2	0.0513	0	0:04:39.284954
86	14	-1	0.0	0	0:05:07.146749
87	14	-1	0.0	0	0:04:47.283890
88	14	14	0.0957	1	0:05:11.569238
89	14	14	0.0723	1	0:05:15.968085
90	15	15	0.0139	1	0:05:04.688366
91	15	15	0.0534	1	0:04:39.155491
92	15	-1	0.0	0	0:05:08.763026
93	15	15	0.0476	1	0:04:47.351785
94	15	15	0.00565	1	0:05:12.550382
95	15	15	0.0157	1	0:05:17.324188
96	16	16	0.13	1	0:05:02.427326
97	16	16	0.13	1	0:04:37.779192
98	16	16	0.13	1	0:05:07.076121
99	16	16	0.13	1	0:04:46.616704
100	16	16	0.13	1	0:05:12.115312
101	16	16	0.13	1	0:05:16.324465
102	17	17	0.0938	1	0:05:03.842904
103	17	17	0.092	1	0:04:38.914679
104	17	17	0.092	1	0:05:08.448878
105	17	17	0.1	1	0:04:47.815685
106	17	17	0.103	1	0:05:13.271704
107	17	17	0.104	1	0:05:17.812752
108	18	18	0.0735	1	0:05:04.049716
109	18	18	0.0632	1	0:04:38.546740
110	18	-1	0.0	0	0:05:08.523622
111	18	18	0.0522	1	0:04:46.662925
112	18	18	0.0407	1	0:05:12.238674
113	18	18	0.0205	1	0:05:17.236740
114	19	19	0.029	1	0:05:04.779526
115	19	2	0.00463	0	0:04:38.546226
116	19	8	0.00718	0	0:05:08.808234
117	19	19	0.0497	1	0:04:46.705797
118	19	19	0.0674	1	0:05:12.170467
119	19	8	0.0613	0	0:05:17.014089
