idx	label	predict	radius	correct	time
0	0	0	0.0604	1	0:05:34.880894
1	0	0	0.0548	1	0:05:16.677217
2	0	0	0.0212	1	0:05:55.413170
3	0	0	0.0442	1	0:04:57.157199
4	0	0	0.062	1	0:05:31.224903
5	0	0	0.0953	1	0:05:34.094115
6	1	1	0.0627	1	0:05:20.713348
7	1	1	0.0406	1	0:05:16.271742
8	1	-1	0.0	0	0:05:50.511240
9	1	1	0.0541	1	0:04:57.158288
10	1	1	0.0657	1	0:05:32.301009
11	1	1	0.0025	1	0:05:34.125304
12	2	2	0.0699	1	0:05:20.276043
13	2	2	0.0551	1	0:05:16.731578
14	2	2	0.0352	1	0:05:49.248477
15	2	2	0.0653	1	0:04:57.072710
16	2	2	0.0686	1	0:05:31.258453
17	2	2	0.114	1	0:05:31.612312
18	3	3	0.0669	1	0:05:18.439718
19	3	2	0.0368	0	0:05:18.085613
20	3	3	0.0246	1	0:05:52.669366
21	3	2	0.047	0	0:04:57.282192
22	3	3	0.0483	1	0:05:31.014040
23	3	3	0.114	1	0:05:33.110404
24	4	4	0.039	1	0:05:22.678422
25	4	9	0.00107	0	0:05:17.764429
26	4	-1	0.0	0	0:05:53.529805
27	4	9	0.0408	0	0:04:59.064792
28	4	4	0.0269	1	0:05:32.530882
29	4	4	0.0844	1	0:05:34.180030
30	5	5	0.114	1	0:05:40.956326
31	5	5	0.114	1	0:05:24.846642
32	5	5	0.0601	1	0:05:51.025096
33	5	5	0.114	1	0:04:57.243310
34	5	5	0.114	1	0:05:32.668348
35	5	5	0.114	1	0:05:33.365625
36	6	6	0.114	1	0:05:18.468901
37	6	6	0.114	1	0:05:14.488992
38	6	6	0.114	1	0:05:50.729535
39	6	6	0.114	1	0:05:12.043223
40	6	6	0.114	1	0:05:33.899222
41	6	6	0.114	1	0:05:31.525485
42	7	7	0.0844	1	0:05:18.859141
43	7	7	0.0729	1	0:05:17.894201
44	7	7	0.0368	1	0:05:49.182052
45	7	7	0.0601	1	0:04:56.864670
46	7	7	0.0669	1	0:05:30.921707
47	7	7	0.114	1	0:05:35.702133
48	8	8	0.0497	1	0:05:39.153103
49	8	8	0.00783	1	0:05:17.858987
50	8	8	0.0133	1	0:05:51.996298
51	8	-1	0.0	0	0:04:58.314964
52	8	8	0.0345	1	0:05:33.422013
53	8	8	0.0844	1	0:05:35.023601
54	9	4	0.0122	0	0:05:22.570199
55	9	9	0.114	1	0:05:18.093714
56	9	-1	0.0	0	0:05:58.928549
57	9	9	0.114	1	0:05:09.572317
58	9	9	0.114	1	0:05:33.185478
59	9	9	0.114	1	0:05:35.750562
60	10	10	0.104	1	0:05:18.529680
61	10	10	0.0657	1	0:05:19.876693
62	10	10	0.0763	1	0:05:47.561101
63	10	10	0.069	1	0:04:59.451022
64	10	10	0.114	1	0:05:29.559888
65	10	10	0.114	1	0:05:44.658324
66	11	11	0.0971	1	0:05:15.874887
67	11	11	0.0562	1	0:05:18.473243
68	11	11	0.0884	1	0:05:41.835736
69	11	11	0.028	1	0:04:57.359814
70	11	11	0.114	1	0:05:23.549649
71	11	11	0.114	1	0:05:25.936691
72	12	12	0.074	1	0:05:21.324093
73	12	12	0.0233	1	0:05:18.990702
74	12	12	0.018	1	0:05:49.669145
75	12	12	0.028	1	0:04:58.620353
76	12	12	0.0673	1	0:05:39.865665
77	12	12	0.114	1	0:05:48.785902
78	13	13	0.062	1	0:05:23.149104
79	13	13	0.0565	1	0:05:17.145824
80	13	13	0.0594	1	0:05:53.700583
81	13	13	0.0494	1	0:04:59.586264
82	13	13	0.0557	1	0:05:33.153427
83	13	13	0.0971	1	0:05:35.215347
84	14	14	0.0157	1	0:05:20.107092
85	14	14	0.0357	1	0:05:29.012519
86	14	14	0.0404	1	0:06:04.626709
87	14	14	0.0571	1	0:04:58.997835
88	14	14	0.0624	1	0:05:32.284683
89	14	14	0.0745	1	0:05:31.689452
90	15	15	0.0424	1	0:05:22.372149
91	15	15	0.0634	1	0:05:17.336111
92	15	15	0.0415	1	0:05:54.281982
93	15	15	0.0518	1	0:04:58.574102
94	15	15	0.0624	1	0:05:39.696564
95	15	15	0.114	1	0:05:46.349695
96	16	16	0.114	1	0:05:20.405105
97	16	16	0.114	1	0:05:16.945590
98	16	16	0.114	1	0:05:50.821269
99	16	16	0.114	1	0:04:57.187458
100	16	16	0.114	1	0:05:30.261765
101	16	16	0.114	1	0:05:32.856191
102	17	17	0.114	1	0:05:21.558047
103	17	17	0.114	1	0:05:30.807075
104	17	17	0.101	1	0:05:56.400616
105	17	17	0.114	1	0:04:57.941561
106	17	17	0.114	1	0:05:31.659441
107	17	17	0.114	1	0:05:33.972751
108	18	18	0.053	1	0:05:21.708631
109	18	18	0.0695	1	0:05:17.811156
110	18	18	0.0297	1	0:05:50.541243
111	18	18	0.0585	1	0:04:59.418268
112	18	18	0.0588	1	0:05:46.843522
113	18	18	0.0863	1	0:05:31.053471
114	19	-1	0.0	0	0:05:21.138062
115	19	-1	0.0	0	0:05:16.792828
116	19	-1	0.0	0	0:05:52.512426
117	19	-1	0.0	0	0:04:57.798414
118	19	19	0.0234	1	0:05:31.924705
119	19	19	0.0719	1	0:05:34.203955
