idx	label	predict	radius	correct	time
0	0	0	0.125	1	0:05:50.890364
1	0	0	0.00219	1	0:05:34.815050
2	0	8	0.166	0	0:06:02.243579
3	0	0	0.0123	1	0:05:36.032955
4	0	-1	0.0	0	0:05:45.633263
5	0	0	0.00219	1	0:05:47.801155
6	1	1	0.26	1	0:05:35.297842
7	1	1	0.11	1	0:05:34.593888
8	1	-1	0.0	0	0:06:00.327122
9	1	-1	0.0	0	0:05:34.986034
10	1	1	0.248	1	0:05:44.954602
11	1	1	0.133	1	0:05:47.489404
12	2	9	0.00194	0	0:05:34.611152
13	2	2	0.239	1	0:05:35.343155
14	2	9	0.0781	0	0:05:58.132387
15	2	9	0.0652	0	0:05:35.956113
16	2	2	0.0652	1	0:05:44.760799
17	2	2	0.248	1	0:05:48.057080
18	3	3	0.26	1	0:05:32.890729
19	3	3	0.105	1	0:05:35.010913
20	3	17	0.0121	0	0:05:58.209090
21	3	1	0.084	0	0:05:35.798901
22	3	3	0.203	1	0:05:43.500500
23	3	3	0.26	1	0:05:46.647620
24	4	9	0.0803	0	0:05:37.219888
25	4	2	0.16	0	0:05:35.548715
26	4	6	0.172	0	0:05:59.798046
27	4	9	0.0404	0	0:05:35.873228
28	4	4	0.0969	1	0:05:45.582942
29	4	4	0.218	1	0:05:50.264073
30	5	5	0.198	1	0:05:33.331354
31	5	5	0.239	1	0:05:34.390523
32	5	5	0.011	1	0:05:58.860654
33	5	5	0.205	1	0:05:35.070803
34	5	5	0.233	1	0:05:43.544854
35	5	5	0.26	1	0:05:46.846437
36	6	6	0.222	1	0:05:30.811226
37	6	6	0.195	1	0:05:32.443938
38	6	6	0.227	1	0:05:55.892126
39	6	6	0.208	1	0:05:30.978923
40	6	6	0.215	1	0:05:40.900723
41	6	6	0.218	1	0:05:44.459433
42	7	7	0.215	1	0:05:30.334383
43	7	7	0.198	1	0:05:33.097186
44	7	7	0.184	1	0:05:57.129334
45	7	7	0.189	1	0:05:34.431974
46	7	7	0.218	1	0:05:41.128434
47	7	7	0.205	1	0:05:46.239538
48	8	19	0.0208	0	0:05:34.048988
49	8	13	0.0475	0	0:05:34.296850
50	8	-1	0.0	0	0:06:00.091730
51	8	15	0.0825	0	0:05:35.713542
52	8	13	0.152	0	0:05:46.151918
53	8	8	0.0149	1	0:05:47.464665
54	9	9	0.171	1	0:05:35.152498
55	9	2	0.0126	0	0:05:35.692104
56	9	6	0.149	0	0:05:59.442124
57	9	9	0.0999	1	0:05:35.258001
58	9	9	0.114	1	0:05:45.587045
59	9	9	0.0947	1	0:05:47.908407
60	10	10	0.227	1	0:05:31.667493
61	10	10	0.222	1	0:05:33.743696
62	10	10	0.222	1	0:05:55.592070
63	10	10	0.126	1	0:05:35.823845
64	10	10	0.26	1	0:05:39.274229
65	10	10	0.26	1	0:05:40.701180
66	11	11	0.26	1	0:05:23.714818
67	11	3	0.139	0	0:05:29.144017
68	11	11	0.26	1	0:05:47.575976
69	11	3	0.152	0	0:05:32.207776
70	11	11	0.26	1	0:05:33.428371
71	11	11	0.26	1	0:05:38.595453
72	12	12	0.239	1	0:05:30.889991
73	12	12	0.186	1	0:05:33.194455
74	12	12	0.0623	1	0:05:54.573642
75	12	12	0.189	1	0:05:33.505373
76	12	12	0.198	1	0:05:41.029024
77	12	12	0.26	1	0:05:43.460370
78	13	-1	0.0	0	0:05:32.944391
79	13	13	0.104	1	0:05:32.133072
80	13	-1	0.0	0	0:05:57.426692
81	13	15	0.0409	0	0:05:32.282018
82	13	13	0.205	1	0:05:43.800707
83	13	13	0.0384	1	0:05:44.696906
84	14	14	0.195	1	0:05:30.455223
85	14	2	0.101	0	0:05:29.543312
86	14	-1	0.0	0	0:05:54.531007
87	14	-1	0.0	0	0:05:32.643420
88	14	14	0.0715	1	0:05:41.041243
89	14	14	0.26	1	0:05:44.031966
90	15	-1	0.0	0	0:05:33.040376
91	15	15	0.00597	1	0:05:32.403322
92	15	13	0.0558	0	0:05:57.621131
93	15	15	0.143	1	0:05:35.749810
94	15	-1	0.0	0	0:05:43.187808
95	15	-1	0.0	0	0:05:44.675457
96	16	16	0.26	1	0:05:29.985310
97	16	16	0.26	1	0:05:30.080028
98	16	16	0.26	1	0:05:56.040494
99	16	16	0.26	1	0:05:30.973918
100	16	16	0.26	1	0:05:42.317997
101	16	16	0.26	1	0:05:44.219052
102	17	-1	0.0	0	0:05:31.649355
103	17	17	0.152	1	0:05:31.246264
104	17	17	0.0742	1	0:05:55.347949
105	17	17	0.203	1	0:05:32.677904
106	17	17	0.215	1	0:05:43.077122
107	17	17	0.239	1	0:05:44.920138
108	18	18	0.26	1	0:05:30.669777
109	18	18	0.227	1	0:05:30.606902
110	18	18	0.102	1	0:05:56.494545
111	18	18	0.0986	1	0:05:31.560258
112	18	18	0.0289	1	0:05:42.416614
113	18	18	0.239	1	0:05:45.194079
114	19	19	0.248	1	0:05:32.415020
115	19	2	0.0167	0	0:05:31.353378
116	19	9	0.112	0	0:05:57.598223
117	19	19	0.191	1	0:05:32.516787
118	19	19	0.0927	1	0:05:42.602790
119	19	-1	0.0	0	0:05:44.434969
