idx	label	predict	radius	correct	time
0	0	0	0.0277	1	0:05:44.445883
1	0	-1	0.0	0	0:05:02.368600
2	0	8	0.00349	0	0:05:45.359081
3	0	0	0.00693	1	0:05:13.557075
4	0	0	0.0617	1	0:05:37.842054
5	0	0	0.0541	1	0:05:41.305551
6	1	1	0.0714	1	0:05:32.382449
7	1	1	0.0454	1	0:05:01.806404
8	1	2	0.0127	0	0:05:41.035905
9	1	1	0.0576	1	0:05:14.461293
10	1	1	0.0709	1	0:05:39.214590
11	1	1	0.0719	1	0:05:39.568455
12	2	2	0.0303	1	0:05:31.589219
13	2	-1	0.0	0	0:05:02.030778
14	2	2	0.0452	1	0:05:39.488732
15	2	-1	0.0	0	0:05:13.723122
16	2	2	0.0279	1	0:05:37.804872
17	2	2	0.0631	1	0:05:37.522831
18	3	3	0.081	1	0:05:31.600557
19	3	-1	0.0	0	0:05:01.872416
20	3	3	0.0638	1	0:05:39.460789
21	3	1	0.0598	0	0:05:14.451402
22	3	3	0.0936	1	0:05:37.202306
23	3	3	0.0844	1	0:05:37.034442
24	4	9	0.00941	0	0:05:31.714144
25	4	4	0.0222	1	0:05:01.053683
26	4	6	0.0357	0	0:05:42.576462
27	4	9	0.00582	0	0:05:13.973161
28	4	9	0.0129	0	0:05:39.471401
29	4	4	0.0481	1	0:05:40.141952
30	5	5	0.114	1	0:05:29.371215
31	5	5	0.114	1	0:05:00.810051
32	5	5	0.114	1	0:05:39.935238
33	5	5	0.114	1	0:05:12.159643
34	5	5	0.114	1	0:05:37.488925
35	5	5	0.114	1	0:05:39.518814
36	6	6	0.0494	1	0:05:28.628733
37	6	6	0.0504	1	0:04:57.666704
38	6	6	0.0579	1	0:05:38.061330
39	6	6	0.0559	1	0:05:10.203861
40	6	6	0.0511	1	0:05:34.420072
41	6	6	0.0378	1	0:05:36.605300
42	7	7	0.069	1	0:05:29.171887
43	7	7	0.0719	1	0:05:00.925322
44	7	7	0.0704	1	0:05:36.266579
45	7	7	0.0653	1	0:05:13.157747
46	7	7	0.081	1	0:05:36.548704
47	7	7	0.0598	1	0:05:36.507244
48	8	-1	0.0	0	0:05:32.287312
49	8	-1	0.0	0	0:05:00.918584
50	8	-1	0.0	0	0:05:40.283017
51	8	-1	0.0	0	0:05:14.210977
52	8	8	0.0114	1	0:05:37.935635
53	8	-1	0.0	0	0:05:39.955318
54	9	9	0.0506	1	0:05:31.636566
55	9	-1	0.0	0	0:05:01.985177
56	9	-1	0.0	0	0:05:40.183051
57	9	9	0.016	1	0:05:14.224341
58	9	9	0.0224	1	0:05:38.259342
59	9	-1	0.0	0	0:05:40.353666
60	10	10	0.0709	1	0:05:27.284931
61	10	10	0.0607	1	0:05:02.917763
62	10	10	0.0695	1	0:05:35.470746
63	10	10	0.0417	1	0:05:15.590331
64	10	10	0.0796	1	0:05:33.712772
65	10	10	0.0677	1	0:05:36.217602
66	11	11	0.114	1	0:05:24.677737
67	11	11	0.0454	1	0:05:03.513074
68	11	11	0.114	1	0:05:31.183891
69	11	3	0.049	0	0:05:14.101708
70	11	11	0.114	1	0:05:30.547614
71	11	11	0.114	1	0:05:31.216658
72	12	12	0.081	1	0:05:31.862957
73	12	12	0.0818	1	0:05:01.677998
74	12	12	0.0729	1	0:05:40.291511
75	12	12	0.0677	1	0:05:15.716385
76	12	12	0.0826	1	0:05:37.354588
77	12	12	0.0953	1	0:05:38.442510
78	13	-1	0.0	0	0:05:31.304900
79	13	13	0.0322	1	0:05:02.420539
80	13	-1	0.0	0	0:05:43.310541
81	13	13	0.039	1	0:05:14.156667
82	13	13	0.0342	1	0:05:38.706079
83	13	-1	0.0	0	0:05:39.844024
84	14	14	0.0233	1	0:05:29.627823
85	14	14	0.00526	1	0:05:01.113753
86	14	14	0.0511	1	0:05:39.401087
87	14	14	0.0399	1	0:05:14.703909
88	14	14	0.0607	1	0:05:38.132516
89	14	14	0.047	1	0:05:40.261866
90	15	-1	0.0	0	0:05:33.101544
91	15	-1	0.0	0	0:05:02.555337
92	15	-1	0.0	0	0:05:40.483390
93	15	13	0.00593	0	0:05:13.584260
94	15	-1	0.0	0	0:05:40.768607
95	15	-1	0.0	0	0:05:40.552941
96	16	16	0.114	1	0:05:30.279919
97	16	16	0.114	1	0:05:02.453992
98	16	16	0.114	1	0:05:38.840446
99	16	16	0.114	1	0:05:11.457368
100	16	16	0.114	1	0:05:39.324464
101	16	16	0.114	1	0:05:38.403613
102	17	17	0.0709	1	0:05:32.482590
103	17	17	0.0594	1	0:05:01.576681
104	17	17	0.0695	1	0:05:41.048187
105	17	17	0.0579	1	0:05:13.401388
106	17	17	0.0657	1	0:05:38.862735
107	17	17	0.0573	1	0:05:40.606386
108	18	18	0.0614	1	0:05:29.553514
109	18	18	0.046	1	0:05:02.551257
110	18	18	0.0238	1	0:05:40.670935
111	18	18	0.0375	1	0:05:13.555098
112	18	18	0.0582	1	0:05:38.076159
113	18	18	0.0677	1	0:05:38.466753
114	19	19	0.0245	1	0:05:33.398329
115	19	-1	0.0	0	0:05:03.142056
116	19	2	0.000409	0	0:05:44.270327
117	19	19	0.0358	1	0:05:14.721830
118	19	19	0.0119	1	0:05:39.231415
119	19	19	0.0669	1	0:05:38.981347
