idx	label	predict	radius	correct	time
0	0	0	0.258	1	0:05:17.464024
1	0	0	0.258	1	0:04:22.011058
2	0	0	0.236	1	0:05:08.926741
3	0	0	0.262	1	0:04:34.845742
4	0	0	0.214	1	0:04:54.115420
5	0	0	0.258	1	0:05:20.044328
6	1	1	0.219	1	0:05:08.226902
7	1	1	0.196	1	0:04:20.246394
8	1	1	0.082	1	0:05:07.498764
9	1	1	0.251	1	0:04:34.619844
10	1	1	0.244	1	0:04:53.157064
11	1	1	0.227	1	0:05:16.622475
12	2	2	0.219	1	0:05:08.530414
13	2	2	0.206	1	0:04:21.798257
14	2	2	0.161	1	0:05:06.603433
15	2	2	0.254	1	0:04:34.089328
16	2	2	0.267	1	0:04:52.007763
17	2	2	0.292	1	0:05:15.967607
18	3	3	0.318	1	0:05:06.672062
19	3	3	0.0283	1	0:04:18.537334
20	3	3	0.227	1	0:05:02.280436
21	3	3	0.105	1	0:04:29.767704
22	3	3	0.318	1	0:04:47.513303
23	3	3	0.318	1	0:05:11.759000
24	4	4	0.267	1	0:05:05.681977
25	4	9	0.136	0	0:04:17.509578
26	4	-1	0.0	0	0:05:03.204818
27	4	4	0.126	1	0:04:30.389381
28	4	4	0.248	1	0:04:49.248483
29	4	4	0.303	1	0:05:11.922748
30	5	5	0.318	1	0:05:05.085984
31	5	5	0.318	1	0:04:16.451472
32	5	5	0.318	1	0:05:03.280863
33	5	5	0.318	1	0:04:29.340156
34	5	5	0.318	1	0:04:47.095683
35	5	5	0.318	1	0:05:10.399063
36	6	6	0.318	1	0:05:00.568161
37	6	6	0.318	1	0:04:13.946630
38	6	6	0.318	1	0:05:01.338777
39	6	6	0.318	1	0:04:27.710606
40	6	6	0.318	1	0:04:45.128646
41	6	6	0.318	1	0:05:08.411714
42	7	7	0.223	1	0:05:00.624028
43	7	7	0.223	1	0:04:15.372022
44	7	7	0.206	1	0:04:59.595517
45	7	7	0.248	1	0:04:28.690080
46	7	7	0.182	1	0:04:45.080866
47	7	7	0.209	1	0:05:08.681832
48	8	8	0.188	1	0:05:03.566827
49	8	8	0.084	1	0:04:16.081583
50	8	-1	0.0	0	0:05:03.212602
51	8	8	0.219	1	0:04:28.504266
52	8	8	0.184	1	0:04:48.490973
53	8	8	0.178	1	0:05:11.514681
54	9	9	0.111	1	0:05:04.423663
55	9	9	0.318	1	0:04:15.939137
56	9	9	0.00637	1	0:05:02.856358
57	9	9	0.318	1	0:04:29.810414
58	9	9	0.318	1	0:04:50.381941
59	9	9	0.318	1	0:05:13.174993
60	10	10	0.318	1	0:05:01.012816
61	10	10	0.318	1	0:04:19.376662
62	10	10	0.318	1	0:04:59.920375
63	10	10	0.318	1	0:04:31.805375
64	10	10	0.318	1	0:04:46.375375
65	10	10	0.318	1	0:05:09.586599
66	11	11	0.318	1	0:04:56.926098
67	11	11	0.318	1	0:04:18.040785
68	11	11	0.318	1	0:04:55.553355
69	11	11	0.0436	1	0:04:31.115821
70	11	11	0.318	1	0:04:41.578760
71	11	11	0.318	1	0:05:06.069543
72	12	12	0.292	1	0:05:03.814561
73	12	12	0.0667	1	0:04:17.701800
74	12	12	0.221	1	0:05:02.563242
75	12	12	0.236	1	0:04:30.290573
76	12	12	0.318	1	0:04:48.850750
77	12	12	0.318	1	0:05:11.431082
78	13	13	0.178	1	0:05:06.297639
79	13	13	0.133	1	0:04:17.631468
80	13	13	0.181	1	0:05:04.354962
81	13	13	0.175	1	0:04:29.995749
82	13	13	0.178	1	0:04:49.776387
83	13	13	0.173	1	0:05:13.544728
84	14	14	0.148	1	0:05:04.486754
85	14	14	0.0449	1	0:04:16.764198
86	14	14	0.148	1	0:05:02.136061
87	14	14	0.135	1	0:04:30.581354
88	14	14	0.182	1	0:04:48.159770
89	14	14	0.162	1	0:05:11.880863
90	15	15	0.203	1	0:05:05.665105
91	15	15	0.187	1	0:04:17.985287
92	15	15	0.179	1	0:05:04.984745
93	15	15	0.239	1	0:04:30.037142
94	15	15	0.201	1	0:04:49.344802
95	15	15	0.203	1	0:05:14.173444
96	16	16	0.318	1	0:05:03.401906
97	16	16	0.318	1	0:04:15.911992
98	16	16	0.318	1	0:05:02.086898
99	16	16	0.318	1	0:04:29.523002
100	16	16	0.318	1	0:04:48.120752
101	16	16	0.318	1	0:05:11.415592
102	17	17	0.284	1	0:05:04.867806
103	17	17	0.215	1	0:04:17.339216
104	17	17	0.244	1	0:05:03.100186
105	17	17	0.318	1	0:04:29.906330
106	17	17	0.254	1	0:04:49.594355
107	17	17	0.272	1	0:05:13.189759
108	18	18	0.206	1	0:05:04.741330
109	18	18	0.254	1	0:04:16.452203
110	18	18	0.207	1	0:05:03.143084
111	18	18	0.217	1	0:04:29.693910
112	18	18	0.214	1	0:04:48.718130
113	18	18	0.212	1	0:05:12.188455
114	19	19	0.193	1	0:05:05.950440
115	19	19	0.148	1	0:04:18.154747
116	19	-1	0.0	0	0:05:04.679515
117	19	19	0.193	1	0:04:30.426860
118	19	19	0.192	1	0:04:51.334169
119	19	19	0.111	1	0:05:15.399657
