idx	label	predict	radius	correct	time
0	0	0	0.161	1	0:05:57.915424
1	0	0	0.151	1	0:04:54.021383
2	0	0	0.14	1	0:05:45.188435
3	0	0	0.148	1	0:05:06.552866
4	0	0	0.149	1	0:05:28.339988
5	0	0	0.157	1	0:05:56.811430
6	1	1	0.135	1	0:05:45.796288
7	1	-1	0.0	0	0:04:52.954526
8	1	-1	0.0	0	0:05:45.631875
9	1	1	0.142	1	0:05:07.544574
10	1	1	0.148	1	0:05:29.271085
11	1	1	0.101	1	0:05:53.558604
12	2	-1	0.0	0	0:05:45.240784
13	2	2	0.139	1	0:04:53.275072
14	2	2	0.0138	1	0:05:43.398988
15	2	2	0.166	1	0:05:07.760639
16	2	2	0.186	1	0:05:27.513725
17	2	2	0.135	1	0:05:53.426794
18	3	3	0.248	1	0:05:44.098603
19	3	-1	0.0	0	0:04:52.927969
20	3	17	0.00946	0	0:05:43.207200
21	3	-1	0.0	0	0:05:07.249462
22	3	3	0.219	1	0:05:26.598412
23	3	3	0.248	1	0:05:52.733574
24	4	4	0.153	1	0:05:46.694165
25	4	-1	0.0	0	0:04:53.421988
26	4	-1	0.0	0	0:05:44.202702
27	4	-1	0.0	0	0:05:06.838579
28	4	4	0.021	1	0:05:28.734579
29	4	4	0.146	1	0:05:55.539928
30	5	5	0.318	1	0:05:45.794816
31	5	5	0.284	1	0:04:51.922308
32	5	5	0.292	1	0:05:43.076370
33	5	5	0.318	1	0:05:06.731695
34	5	5	0.318	1	0:05:28.323791
35	5	5	0.318	1	0:05:54.102926
36	6	6	0.292	1	0:05:43.684317
37	6	6	0.267	1	0:04:49.953370
38	6	6	0.318	1	0:05:42.075177
39	6	6	0.318	1	0:05:03.582363
40	6	6	0.318	1	0:05:24.816663
41	6	6	0.318	1	0:05:50.511133
42	7	7	0.166	1	0:05:43.004323
43	7	7	0.14	1	0:04:51.477063
44	7	7	0.124	1	0:05:41.276152
45	7	7	0.164	1	0:05:06.882895
46	7	7	0.161	1	0:05:26.819573
47	7	7	0.163	1	0:05:52.451685
48	8	-1	0.0	0	0:05:46.728650
49	8	15	0.0915	0	0:04:52.447282
50	8	8	0.0344	1	0:05:44.944605
51	8	15	0.0869	0	0:05:07.002732
52	8	15	0.051	0	0:05:28.720370
53	8	8	0.0257	1	0:05:54.465535
54	9	-1	0.0	0	0:05:46.174738
55	9	9	0.0548	1	0:04:53.247198
56	9	6	0.105	0	0:05:45.291922
57	9	9	0.161	1	0:05:06.955306
58	9	9	0.191	1	0:05:31.080542
59	9	9	0.167	1	0:05:53.912291
60	10	10	0.166	1	0:05:40.254190
61	10	10	0.178	1	0:04:55.577283
62	10	10	0.166	1	0:05:38.958831
63	10	10	0.111	1	0:05:09.156240
64	10	10	0.185	1	0:05:26.399266
65	10	10	0.173	1	0:05:49.981074
66	11	11	0.318	1	0:05:35.719933
67	11	11	0.254	1	0:04:53.161565
68	11	11	0.318	1	0:05:35.099036
69	11	11	0.0941	1	0:05:06.930555
70	11	11	0.272	1	0:05:19.851160
71	11	11	0.272	1	0:05:46.217909
72	12	12	0.144	1	0:05:44.051700
73	12	11	0.143	0	0:04:53.805788
74	12	12	0.00791	1	0:05:42.682178
75	12	12	0.103	1	0:05:07.964333
76	12	12	0.151	1	0:05:28.598041
77	12	12	0.151	1	0:05:52.217858
78	13	13	0.16	1	0:05:47.289831
79	13	13	0.118	1	0:04:52.737990
80	13	13	0.0681	1	0:05:43.594348
81	13	13	0.142	1	0:05:07.069324
82	13	13	0.137	1	0:05:28.254036
83	13	13	0.131	1	0:05:56.381165
84	14	14	0.0994	1	0:05:45.878845
85	14	14	0.082	1	0:04:53.239262
86	14	14	0.116	1	0:05:42.740574
87	14	14	0.11	1	0:05:08.035881
88	14	14	0.145	1	0:05:26.496370
89	14	14	0.106	1	0:05:53.300471
90	15	15	0.109	1	0:05:46.855271
91	15	15	0.124	1	0:04:53.105079
92	15	15	0.048	1	0:05:44.287911
93	15	15	0.124	1	0:05:08.302661
94	15	15	0.101	1	0:05:29.275249
95	15	15	0.047	1	0:05:55.652884
96	16	16	0.318	1	0:05:43.653726
97	16	16	0.318	1	0:04:51.622256
98	16	16	0.267	1	0:05:42.431676
99	16	16	0.318	1	0:05:05.744164
100	16	16	0.318	1	0:05:27.977654
101	16	16	0.318	1	0:05:52.357176
102	17	17	0.185	1	0:05:47.691433
103	17	17	0.158	1	0:04:52.803815
104	17	17	0.181	1	0:05:44.260761
105	17	17	0.176	1	0:05:06.994842
106	17	17	0.048	1	0:05:29.472645
107	17	3	0.166	0	0:05:54.296654
108	18	18	0.153	1	0:05:45.452903
109	18	18	0.154	1	0:04:52.748288
110	18	18	0.0446	1	0:05:43.790038
111	18	18	0.142	1	0:05:07.444757
112	18	18	0.122	1	0:05:27.196114
113	18	18	0.115	1	0:05:52.772012
114	19	19	0.131	1	0:05:46.513221
115	19	-1	0.0	0	0:04:54.239630
116	19	8	0.0605	0	0:05:46.341743
117	19	-1	0.0	0	0:05:07.728487
118	19	-1	0.0	0	0:05:29.767543
119	19	19	0.00176	1	0:05:56.323949
